"Date"	"S1"	"S2"	"S3"	"S4"	"S5"	"S6"
2007-05-01	6	4	3	9	13	8
2007-05-02	5	5	4	6	8	13
2007-05-03	11	4	6	9	8	13
2007-05-04	6	8	1	4	6	6
2007-05-05	2	7	3	2	4	1
2007-05-06	1	2	2	0	6	2
2007-05-07	0	5	0	1	2	3
2007-05-08	4	1	2	4	5	5
2007-05-09	5	4	3	6	2	4
2007-05-10	5	5	6	8	8	10
2007-05-11	6	6	5	6	6	10
2007-05-12	7	2	3	4	4	10
2007-05-13	10	2	4	14	7	11
2007-05-14	15	4	6	2	9	4
2007-05-15	12	4	10	9	5	7
2007-05-16	6	3	10	7	9	4
2007-05-17	6	10	6	13	4	2
2007-05-18	10	10	10	6	9	7
2007-05-19	16	7	4	8	6	9
2007-05-20	9	11	6	11	4	7
2007-05-21	9	6	9	4	11	10
2007-05-22	13	7	20	10	12	7
2007-05-23	5	5	4	8	8	5
2007-05-24	15	4	7	4	9	13
2007-05-25	16	5	19	10	7	13
2007-05-26	22	4	9	4	6	11
2007-05-27	0	3	0	1	0	0
2007-05-28	4	8	5	2	2	4
2007-05-29	4	11	6	3	6	12
2007-05-30	5	13	11	4	8	20
2007-05-31	2	0	1	0	2	2
2007-06-01	2	2	5	3	1	0
2007-06-02	0	1	3	0	1	0
2007-06-03	0	0	0	0	0	0
2007-06-04	0	7	7	2	3	0
2007-06-05	2	9	12	4	6	3
2007-06-06	2	12	10	14	9	8
2007-06-07	0	6	10	15	7	19
2007-06-08	15	10	15	13	5	6
2007-06-09	3	7	13	9	6	5
2007-06-10	3	7	20	9	8	5
2007-06-11	7	7	12	11	6	17
2007-06-12	9	7	8	13	9	12
2007-06-13	10	8	5	11	3	10
2007-06-14	8	9	16	5	9	3
2007-06-15	5	11	18	12	7	3
2007-06-16	7	10	9	11	5	7
2007-06-17	7	10	6	13	14	6
2007-06-18	2	5	3	14	9	5
2007-06-19	7	14	12	11	6	5
2007-06-20	10	6	7	19	4	5
2007-06-21	5	3	5	7	6	1
2007-06-22	0	0	4	6	0	0
2007-06-23	0	0	0	0	0	0
2007-06-24	1	0	2	3	0	0
2007-06-25	0	3	3	2	0	0
2007-06-26	3	4	3	2	6	0
2007-06-27	1	1	5	5	3	0
2007-06-28	9	2	4	17	1	2
2007-06-29	4	2	0	9	6	4
2007-06-30	5	3	1	10	6	0
2007-07-01	3	0	0	8	4	0
2007-07-02	0	0	2	8	2	0
2007-07-03	1	0	2	11	2	2
2007-07-04	2	3	2	1	2	3
2007-07-05	3	1	0	4	2	1
2007-07-06	2	4	3	7	4	0
2007-07-07	0	2	0	8	1	1
2007-07-08	2	2	0	7	1	0
2007-07-09	1	0	2	4	0	2
2007-07-10	1	3	3	5	3	1
2007-07-11	3	1	0	11	0	0
2007-07-12	1	2	0	6	0	1
2007-07-13	0	1	1	6	2	0
2007-07-14	2	1	0	5	4	1
2007-07-15	1	1	0	8	3	0
2007-07-16	2	0	3	5	0	2
2007-07-17	5	1	4	9	5	10
2007-07-18	1	2	5	8	2	1
2007-07-19	0	0	0	12	0	1
2007-07-20	0	2	0	10	0	0
2007-07-21	2	0	1	12	1	1
2007-07-22	3	6	3	7	1	3
2007-07-23	4	4	6	1	1	3
2007-07-24	4	1	1	4	0	0
2007-07-25	1	1	1	3	0	0
2007-07-26	2	1	1	5	0	36
2007-07-27	23	3	0	10	1	47
2007-07-28	47	0	4	11	2	47
2007-07-29	47	11	5	8	0	47
2007-07-30	47	47	0	4	1	47
2007-07-31	47	47	21	3	1	47
2007-08-01	47	47	47	1	0	47
2007-08-02	47	47	47	4	1	47
2007-08-03	47	47	47	2	0	47
2007-08-04	47	47	47	12	7	47
2007-08-05	47	47	47	0	1	47
2007-08-06	47	47	47	3	5	47
2007-08-07	47	47	47	2	4	47
2007-08-08	47	47	47	1	2	47
2007-08-09	47	47	47	0	8	47
2007-08-10	24	27	26	2	27	32
2007-08-11	2	2	7	3	4	8
2007-08-12	9	11	10	4	5	11
2007-08-13	11	8	7	10	7	14
2007-08-14	17	6	4	6	5	5
2007-08-15	14	16	2	14	1	5
2007-08-16	3	12	17	16	5	13
2007-08-17	13	8	8	7	2	5
2007-08-18	11	11	5	16	8	12
2007-08-19	13	5	10	14	6	6
2007-08-20	2	9	1	4	4	17
2007-08-21	0	3	14	12	2	1
2007-08-22	7	7	10	14	4	4
2007-08-23	1	3	10	9	4	12
2007-08-24	0	0	1	2	0	4
2007-08-25	0	3	6	3	0	2
2007-08-26	1	7	15	1	5	8
2007-08-27	5	11	18	6	6	10
2007-08-28	16	12	26	9	7	11
2007-08-29	10	11	23	11	6	7
2007-08-30	11	15	13	6	10	20
2007-08-31	13	8	11	7	5	8
2007-09-01	10	9	16	19	3	11
2007-09-02	9	16	9	13	4	11
2007-09-03	12	8	20	10	7	5
2007-09-04	13	4	14	13	6	6
2007-09-05	13	9	4	8	2	9
2007-09-06	14	15	7	5	5	11
2007-09-07	12	5	22	7	1	11
2007-09-08	15	12	11	12	0	3
2007-09-09	11	11	19	2	0	11
2007-09-10	12	11	7	13	2	13
2007-09-11	8	11	10	11	5	7
2007-09-12	14	12	9	11	10	12
2007-09-13	8	7	10	12	4	7
2007-09-14	10	8	14	7	7	8
2007-09-15	13	14	9	10	11	4
2007-09-16	4	14	17	24	8	5
2007-09-17	18	5	9	7	7	6
2007-09-18	7	6	3	9	0	8
2007-09-19	11	7	19	14	0	7
2007-09-20	13	13	8	8	3	10
2007-09-21	9	7	4	12	13	14
2007-09-22	5	14	6	7	7	7
2007-09-23	13	9	16	9	9	16
2007-09-24	13	8	8	14	9	7
2007-09-25	7	4	14	4	22	5
2007-09-26	11	11	15	9	10	11
2007-09-27	11	10	4	12	4	12
2007-09-28	12	5	15	10	6	5
2007-09-29	6	10	10	9	8	9
2007-09-30	12	8	6	7	11	9
2007-10-01	10	5	14	12	1	10
2007-10-02	16	10	8	6	1	11
2007-10-03	7	9	7	10	3	10
2007-10-04	16	9	10	4	7	11
2007-10-05	16	14	4	5	3	17
2007-10-06	23	19	7	22	14	6
2007-10-07	13	15	6	19	13	22
2007-10-08	17	23	17	16	16	13
2007-10-09	24	21	16	12	11	14
2007-10-10	20	22	20	14	9	23
2007-10-11	17	17	22	13	13	25
2007-10-12	18	17	13	27	12	23
2007-10-13	20	16	30	21	13	29
2007-10-14	21	14	18	13	11	31
2007-10-15	22	15	16	25	17	23
2007-10-16	24	24	28	7	21	20
2007-10-17	19	14	17	16	9	31
2007-10-18	0	0	0	0	0	0
2007-10-19	3	3	1	4	3	0
2007-10-20	8	4	18	18	8	6
2007-10-21	7	5	16	13	11	25
2007-10-22	26	22	33	15	17	27
2007-10-23	19	20	19	19	7	9
2007-10-24	19	20	18	12	6	14
2007-10-25	20	17	24	22	10	12
2007-10-26	20	18	19	18	15	13
2007-10-27	20	20	23	20	15	13
2007-10-28	18	17	15	21	10	17
2007-10-29	9	18	20	16	14	12
2007-10-30	12	15	22	14	17	21
2007-10-31	31	20	27	17	14	9
2007-11-01	13	15	22	17	9	14
2007-11-02	19	26	20	16	10	9
2007-11-03	26	17	17	17	14	12
2007-11-04	21	17	13	13	5	13
2007-11-05	19	18	22	13	7	18
2007-11-06	15	15	18	15	5	14
2007-11-07	22	16	23	18	4	10
2007-11-08	22	18	10	16	5	15
2007-11-09	16	16	18	17	6	18
2007-11-10	21	17	18	13	8	26
2007-11-11	20	21	33	24	19	34
2007-11-12	25	19	21	11	7	15
2007-11-13	14	18	18	7	11	11
2007-11-14	27	14	16	21	7	16
2007-11-15	18	18	14	17	12	19
2007-11-16	20	18	12	21	21	22
2007-11-17	12	18	18	20	14	21
2007-11-18	30	19	14	21	23	15
2007-11-19	18	15	21	20	10	15
2007-11-20	18	19	25	13	12	31
2007-11-21	20	22	32	23	15	21
2007-11-22	12	20	33	12	19	15
2007-11-23	11	16	28	16	13	12
2007-11-24	27	16	13	12	17	18
2007-11-25	20	17	19	11	6	21
2007-11-26	17	17	27	15	0	10
2007-11-27	7	20	17	20	0	16
2007-11-28	18	17	12	14	0	11
2007-11-29	27	29	31	22	17	32
2007-11-30	48	47	48	48	48	48
2007-12-01	48	47	48	48	48	48
2007-12-02	48	47	48	48	48	48
2007-12-03	48	47	48	48	48	48
2007-12-04	48	47	48	48	48	48
2007-12-05	48	47	48	48	48	48
2007-12-06	48	47	48	48	48	48
2007-12-07	48	47	48	48	48	48
2007-12-08	48	47	48	48	48	48
2007-12-09	48	47	48	48	48	48
2007-12-10	48	47	48	48	48	48
2007-12-11	48	47	48	48	48	48
2007-12-12	48	47	48	48	48	48
2007-12-13	48	37	48	48	34	48
2007-12-14	48	31	47	47	24	47
2007-12-15	48	33	48	48	25	48
2007-12-16	48	31	48	48	24	48
2007-12-17	48	28	48	48	24	48
2007-12-18	48	31	48	48	24	48
2007-12-19	48	32	48	48	24	48
2007-12-20	48	34	48	48	25	48
2007-12-21	48	29	48	48	25	48
2007-12-22	48	25	48	48	25	48
2007-12-23	48	27	48	48	25	48
2007-12-24	48	24	48	48	24	48
2007-12-25	48	24	48	48	24	48
2007-12-26	48	25	48	48	24	48
2007-12-27	48	28	48	48	24	48
2007-12-28	48	29	48	48	24	48
2007-12-29	48	29	47	47	24	47
2007-12-30	48	30	48	48	24	48
2007-12-31	48	25	48	48	24	48
2008-01-07	30	30	30	30	30	15
2008-01-08	48	48	48	48	48	25
2008-01-09	48	48	48	48	48	24
2008-01-10	48	48	48	48	48	24
2008-01-11	48	48	48	48	48	24
2008-01-12	48	48	48	48	48	24
2008-01-13	48	48	47	48	48	24
2008-01-14	48	48	48	48	48	24
2008-01-15	48	48	48	48	48	24
2008-01-16	48	48	48	48	48	25
2008-01-17	48	48	48	48	48	24
2008-01-18	48	48	48	48	48	24
2008-01-19	48	48	48	48	48	24
2008-01-20	48	48	48	48	48	24
2008-01-21	48	48	48	48	48	26
2008-01-22	48	48	48	48	48	24
2008-01-23	48	48	48	48	48	24
2008-01-24	48	48	48	48	48	24
2008-01-25	48	48	48	48	48	24
2008-01-26	48	48	48	48	48	25
2008-01-27	48	48	48	48	48	25
2008-01-28	48	48	47	48	48	25
2008-01-29	48	48	48	48	48	24
2008-01-30	48	48	48	48	48	24
2008-01-31	48	48	48	48	48	30
2008-02-01	48	48	48	48	48	26
2008-02-02	48	48	48	48	48	25
2008-02-03	48	48	48	48	48	29
2008-02-04	48	48	48	48	48	24
2008-02-05	48	48	48	48	48	25
2008-02-06	48	48	48	48	48	26
2008-02-07	48	48	48	48	48	24
2008-02-08	48	48	48	48	48	25
2008-02-09	48	48	48	48	48	24
2008-02-10	48	48	48	48	48	24
2008-02-11	48	48	48	48	48	24
2008-02-12	48	48	47	47	48	24
2008-02-13	48	48	48	48	48	24
2008-02-14	48	48	48	48	48	24
2008-02-15	48	48	48	48	48	24
2008-02-16	48	48	48	48	48	24
2008-02-17	48	48	48	48	48	24
2008-02-18	48	48	48	48	48	24
2008-02-19	48	48	48	48	48	24
2008-02-20	48	48	48	48	48	24
2008-02-21	48	48	48	48	48	24
2008-02-22	48	48	48	48	48	24
2008-02-23	48	48	48	48	48	24
2008-02-24	48	48	48	48	48	24
2008-02-25	48	48	48	48	48	24
2008-02-26	48	48	48	48	48	24
2008-02-27	48	48	47	47	48	24
2008-02-28	48	48	48	48	48	24
2008-02-29	48	48	48	48	48	24
2008-03-01	31	48	48	48	48	33
2008-03-02	28	48	48	48	48	48
2008-03-03	24	48	48	48	48	48
2008-03-04	24	48	48	48	48	48
2008-03-05	24	48	48	48	48	48
2008-03-06	24	48	48	48	48	48
2008-03-07	40	48	48	48	48	48
2008-03-08	48	48	48	48	48	48
2008-03-09	48	48	48	48	48	48
2008-03-10	48	48	48	48	48	48
2008-03-11	48	48	48	48	48	48
2008-03-12	48	48	48	48	48	48
2008-03-13	48	48	48	47	48	48
2008-03-14	48	48	48	48	48	48
2008-03-15	48	48	48	48	48	48
2008-03-16	48	48	48	48	48	48
2008-03-17	48	48	48	48	48	48
2008-03-18	48	48	48	48	48	48
2008-03-19	48	48	48	48	48	48
2008-03-20	48	48	48	48	48	48
2008-03-21	48	48	48	48	48	48
2008-03-22	48	48	48	48	48	48
2008-03-23	48	48	48	48	48	48
2008-03-24	48	48	48	48	48	48
2008-03-25	34	32	33	22	23	22
2008-03-26	19	25	18	1	1	1
2008-03-27	20	29	29	0	2	1
2008-03-28	23	30	29	2	1	1
2008-03-29	27	27	22	2	0	1
2008-03-30	34	26	20	1	1	1
2008-03-31	27	19	17	2	0	1
2008-04-01	28	33	28	1	2	0
2008-04-02	22	29	26	0	2	1
2008-04-03	31	24	24	1	3	0
2008-04-04	29	26	29	3	0	2
2008-04-05	21	21	20	1	2	1
2008-04-06	26	27	26	0	0	1
2008-04-07	24	19	26	0	1	0
2008-04-08	23	9	24	1	1	0
2008-04-09	4	17	19	3	1	0
2008-04-10	8	17	18	1	1	0
2008-04-11	7	17	32	0	3	1
2008-04-12	14	23	34	2	2	2
2008-04-13	14	24	25	0	1	0
2008-04-14	13	21	16	22	24	24
2008-04-15	7	16	4	48	48	48
2008-04-16	19	20	11	48	48	48
2008-04-17	23	17	10	38	39	38
2008-04-18	15	19	1	16	20	33
2008-04-19	6	20	4	30	32	18
2008-04-20	12	18	5	25	31	25
2008-04-21	9	25	14	33	26	36
2008-04-22	17	18	9	26	29	34
2008-04-23	24	18	13	28	29	28
2008-04-24	19	27	13	40	33	33
2008-04-25	8	17	10	26	17	21
2008-04-26	3	8	1	20	28	22
2008-04-27	10	17	11	25	28	27
2008-04-28	9	27	14	26	23	21
2008-04-29	24	17	12	29	21	25
2008-04-30	23	18	20	31	24	34
2008-05-01	20	19	24	27	27	38
2008-05-02	26	19	10	38	30	41
2008-05-03	22	21	13	35	22	32
2008-05-04	20	19	15	25	23	28
2008-05-05	18	19	12	31	33	21
2008-05-06	20	17	11	32	24	27
2008-05-07	28	26	11	33	25	27
2008-05-08	27	21	17	29	17	30
2008-05-09	22	22	10	25	25	33
2008-05-10	22	25	7	31	33	29
2008-05-11	3	1	0	6	2	5
2008-05-12	5	2	1	10	5	9
2008-05-13	6	16	2	26	34	26
2008-05-14	5	17	7	22	29	28
2008-05-15	17	25	9	33	30	32
2008-05-16	25	18	14	26	27	37
2008-05-17	27	18	10	15	24	32
2008-05-18	23	21	12	33	22	20
2008-05-19	22	21	8	24	30	25
2008-05-20	26	19	3	25	35	26
2008-05-21	25	19	8	20	26	28
2008-05-22	30	26	17	24	26	35
2008-05-23	22	23	13	27	30	32
2008-05-24	21	24	22	32	28	27
2008-05-25	22	19	19	34	28	20
2008-05-26	23	23	20	33	23	26
2008-05-27	33	26	13	28	32	30
2008-05-28	26	24	13	23	26	28
2008-05-29	17	27	17	30	27	34
2008-05-30	8	20	14	22	31	22
2008-05-31	5	16	11	26	30	24
2008-06-01	14	18	8	23	32	26
2008-06-02	19	16	15	26	29	24
2008-06-03	11	17	7	20	23	22
2008-06-04	8	15	2	24	31	22
2008-06-05	10	19	11	27	34	28
2008-06-06	6	15	18	33	26	23
2008-06-07	14	22	11	22	30	30
2008-06-08	13	21	27	31	33	30
2008-06-09	7	17	12	32	23	27
2008-06-10	6	13	18	28	32	21
2008-06-11	9	22	10	32	32	35
2008-06-12	5	13	24	28	28	19
2008-06-13	2	0	0	1	0	0
2008-06-14	8	10	12	13	23	18
2008-06-15	3	12	19	24	33	23
2008-06-16	6	17	13	31	25	29
2008-06-17	15	18	15	29	26	30
2008-06-18	17	17	25	30	25	34
2008-06-19	23	24	14	29	24	31
2008-06-20	24	26	20	29	35	36
2008-06-21	22	29	29	24	34	32
2008-06-22	24	27	27	27	30	34
2008-06-23	24	22	22	28	30	37
2008-06-24	23	27	14	28	36	32
2008-06-25	25	25	18	24	36	38
2008-06-26	19	11	22	36	29	33
2008-06-27	7	18	19	24	34	29
2008-06-28	8	23	22	29	34	24
2008-06-29	28	22	22	30	30	30
2008-06-30	23	23	19	32	28	32
2008-07-01	21	23	24	28	35	34
2008-07-02	21	22	25	24	36	26
2008-07-03	28	26	20	28	32	28
2008-07-04	20	29	18	34	32	35
2008-07-05	27	20	28	30	32	26
2008-07-06	31	18	25	27	26	40
2008-07-07	26	22	20	22	26	35
2008-07-08	24	16	26	27	26	36
2008-07-09	6	24	15	29	28	38
2008-07-10	25	19	18	28	37	33
2008-07-11	18	16	29	33	28	37
2008-07-12	33	19	16	28	36	37
2008-07-13	26	16	20	27	33	35
2008-07-14	26	23	17	25	26	31
2008-07-15	14	28	18	22	35	31
2008-07-16	14	27	20	28	29	36
2008-07-17	19	25	20	26	20	36
2008-07-18	18	25	25	32	31	37
2008-07-19	20	17	24	26	26	37
2008-07-20	24	20	19	24	27	33
2008-07-21	13	13	19	23	30	36
2008-07-22	20	23	25	21	31	31
2008-07-23	22	20	25	26	27	37
2008-07-24	35	23	30	27	23	32
2008-07-25	33	19	18	29	28	37
2008-07-26	24	19	17	23	28	29
2008-07-27	29	13	23	26	23	26
2008-07-28	24	16	18	22	30	32
2008-07-29	19	21	16	24	28	27
2008-07-30	20	19	15	21	29	29
2008-07-31	22	28	14	27	30	24
2008-08-01	22	21	15	21	26	39
2008-08-02	18	22	27	26	23	33
2008-08-03	18	29	18	21	23	31
2008-08-04	25	33	21	25	30	32
2008-08-05	22	24	23	18	24	36
2008-08-06	24	26	24	25	30	28
2008-08-07	18	20	23	27	27	34
2008-08-08	19	24	21	21	26	20
2008-08-09	30	18	23	24	24	24
2008-08-10	22	24	23	32	26	13
2008-08-11	22	30	20	27	29	24
2008-08-12	26	31	27	28	28	23
2008-08-13	20	23	28	28	23	24
2008-08-14	15	23	22	33	26	24
2008-08-15	26	19	13	27	24	24
2008-08-16	18	20	18	32	25	20
2008-08-17	26	24	22	27	20	21
2008-08-18	22	21	16	33	28	24
2008-08-19	21	18	21	24	24	24
2008-08-20	20	22	19	31	26	29
2008-08-21	26	22	40	28	35	22
2008-08-22	28	21	20	27	26	25
2008-08-23	29	20	26	37	23	28
2008-08-24	22	17	20	30	28	28
2008-08-25	30	18	21	27	23	22
2008-08-26	29	26	20	25	24	26
2008-08-27	28	24	22	26	27	18
2008-08-28	29	34	25	23	26	24
2008-08-29	22	20	20	21	25	15
2008-08-30	18	25	21	31	21	9
2008-08-31	25	21	19	23	25	11
2008-09-01	18	28	12	26	25	17
2008-09-02	19	24	12	15	23	9
2008-09-03	30	23	27	7	25	20
2008-09-04	31	38	33	13	20	20
2008-09-05	19	20	27	18	30	13
2008-09-06	19	20	20	19	25	15
2008-09-07	22	20	24	14	25	12
2008-09-08	23	26	29	13	21	16
2008-09-09	25	22	29	13	22	10
2008-09-10	21	19	15	21	30	7
2008-09-11	18	28	15	23	24	14
2008-09-12	29	23	28	24	28	11
2008-09-13	2	0	6	5	17	0
2008-09-14	0	1	1	1	22	0
2008-09-15	10	3	2	0	0	0
2008-09-16	5	11	22	6	7	6
2008-09-17	9	6	19	22	8	19
2008-09-18	23	22	20	20	14	25
2008-09-19	20	20	23	21	20	20
2008-09-20	18	17	26	35	21	20
2008-09-21	22	26	18	28	15	28
2008-09-22	17	19	16	33	20	18
2008-09-23	21	15	19	32	10	19
2008-09-24	22	22	27	28	10	26
2008-09-25	30	20	14	29	12	26
2008-09-26	16	21	19	30	12	18
2008-09-27	10	26	19	26	15	29
2008-09-28	24	26	27	24	14	12
2008-09-29	27	20	23	24	20	25
2008-09-30	23	21	25	30	10	24
2008-10-01	17	20	26	29	24	24
2008-10-02	20	20	25	33	29	27
2008-10-03	25	20	20	24	27	21
2008-10-04	22	20	23	25	22	17
2008-10-05	14	25	20	29	25	20
2008-10-06	26	23	18	28	21	20
2008-10-07	25	26	24	27	28	36
2008-10-08	18	21	16	28	23	25
2008-10-09	18	14	24	29	21	14
2008-10-10	21	20	17	26	25	18
2008-10-11	23	19	15	31	23	15
2008-10-12	24	32	16	37	22	21
2008-10-13	35	33	23	32	20	23
2008-10-14	24	16	27	24	22	20
2008-10-15	36	17	29	34	25	25
2008-10-16	24	21	24	26	23	22
2008-10-17	29	30	27	25	28	22
2008-10-18	19	22	21	38	21	20
2008-10-19	24	21	18	31	26	17
2008-10-20	18	23	22	35	18	20
2008-10-21	14	28	28	31	25	25
2008-10-22	27	22	24	37	25	22
2008-10-23	24	29	37	40	17	31
2008-10-24	27	18	21	33	8	20
2008-10-25	13	14	10	28	18	25
2008-10-26	8	17	13	26	13	26
2008-10-27	22	23	23	37	21	30
2008-10-28	25	18	19	33	17	20
2008-10-29	22	20	28	22	21	21
2008-10-30	22	19	16	23	16	19
2008-10-31	21	23	18	26	21	19
2008-11-01	22	22	20	31	23	13
2008-11-02	23	17	12	27	19	22
2008-11-03	13	24	20	25	22	15
2008-11-04	25	19	13	25	24	17
2008-11-05	23	18	14	28	20	18
2008-11-06	31	18	14	26	16	18
2008-11-07	25	25	23	34	14	23
2008-11-08	24	31	21	37	14	24
2008-11-09	24	24	15	39	12	1
2008-11-10	16	21	20	32	21	1
2008-11-11	24	27	33	26	20	1
2008-11-12	29	23	28	33	34	2
2008-11-13	24	25	9	26	16	13
2008-11-14	31	22	26	30	18	26
2008-11-15	21	22	21	32	22	20
2008-11-16	22	23	15	21	19	23
2008-11-17	18	26	13	31	18	19
2008-11-18	18	19	9	29	16	11
2008-11-19	21	10	5	23	9	16
2008-11-20	22	24	16	22	13	20
2008-11-21	14	23	11	23	14	11
2008-11-22	31	29	5	24	17	17
2008-11-23	15	15	14	25	21	17
2008-11-24	18	3	4	26	6	13
2008-11-25	14	2	2	29	20	20
2008-11-26	19	3	4	24	21	16
2008-11-27	21	0	7	25	18	17
2008-11-28	20	0	8	28	22	24
2008-11-29	23	0	4	27	15	25
2008-11-30	28	2	6	18	26	31
2008-12-01	24	0	6	31	12	21
2008-12-02	18	0	8	30	15	17
2008-12-03	24	0	6	23	20	24
2008-12-04	20	0	1	26	15	21
2008-12-05	27	0	4	22	19	13
2008-12-06	22	0	3	24	18	20
2008-12-07	22	0	1	32	24	9
2008-12-08	20	16	1	27	9	10
2008-12-09	26	25	4	18	1	24
2008-12-10	0	12	0	1	18	2
2008-12-11	1	28	1	1	2	0
2008-12-12	2	17	0	1	5	0
2008-12-13	1	28	0	0	25	7
2008-12-14	5	16	0	1	13	16
2008-12-15	0	0	27	15	11	16
2008-12-16	0	0	48	41	2	24
2008-12-17	2	0	48	13	12	21
2008-12-18	14	8	48	28	19	16
2008-12-19	19	17	48	36	21	27
2008-12-20	17	8	48	20	15	21
2008-12-21	15	0	48	27	16	22
2008-12-22	20	0	48	30	25	16
2008-12-23	31	19	48	38	24	21
2008-12-24	21	10	48	25	21	21
2008-12-25	22	0	48	30	22	23
2008-12-26	15	31	48	28	31	21
2008-12-27	8	9	48	36	22	27
2008-12-28	4	2	48	28	22	23
2008-12-29	7	0	48	32	24	25
2008-12-30	8	4	48	26	22	17
2008-12-31	4	0	48	22	13	17
2009-01-01	5	48	48	26	25	21
2009-01-02	3	48	48	24	26	23
2009-01-03	2	48	48	42	25	21
2009-01-04	9	48	48	14	15	20
2009-01-05	7	48	48	16	23	16
2009-01-06	9	48	48	28	26	20
2009-01-07	12	48	48	36	20	15
2009-01-08	6	48	48	27	13	19
2009-01-09	8	48	48	33	15	17
2009-01-10	6	48	48	28	11	29
2009-01-11	2	48	48	20	28	15
2009-01-12	2	48	48	33	22	23
2009-01-13	11	48	48	23	13	5
2009-01-14	48	48	48	17	15	4
2009-01-15	48	48	48	21	9	15
2009-01-16	48	48	48	27	15	6
2009-01-17	48	48	48	27	11	23
2009-01-18	48	48	48	33	6	32
2009-01-19	48	48	48	28	24	16
2009-01-20	48	48	48	27	29	16
2009-01-21	48	48	48	25	19	9
2009-01-22	48	48	48	32	25	12
2009-01-23	48	48	48	22	14	19
2009-01-24	48	48	48	26	15	14
2009-01-25	48	48	48	31	26	11
2009-01-26	48	48	48	30	20	16
2009-01-27	48	48	48	29	20	14
2009-01-28	48	48	48	28	17	8
2009-01-29	48	48	48	27	25	2
2009-01-30	48	48	48	24	19	0
2009-01-31	48	48	48	24	23	7
2009-02-01	48	48	48	25	21	22
2009-02-02	48	48	48	32	18	13
2009-02-03	48	48	48	17	13	13
2009-02-04	48	48	48	18	15	8
2009-02-05	48	48	48	20	14	15
2009-02-06	48	48	48	29	18	17
2009-02-07	48	48	48	22	16	21
2009-02-08	48	48	48	19	26	18
2009-02-09	48	48	48	28	32	20
2009-02-10	48	48	48	24	15	14
2009-02-11	48	48	48	37	17	18
2009-02-12	48	48	48	33	21	15
2009-02-13	48	48	48	23	27	28
2009-02-14	48	48	48	17	18	19
2009-02-15	48	48	48	26	20	13
2009-02-16	48	48	48	23	19	13
2009-02-17	48	48	48	25	36	17
2009-02-18	48	48	48	30	25	20
2009-02-19	48	48	48	20	18	7
2009-02-20	48	48	48	32	16	18
2009-02-21	48	48	48	22	17	18
2009-02-22	48	48	48	24	13	12
2009-02-23	48	48	48	18	16	11
2009-02-24	48	48	48	22	23	10
2009-02-25	32	48	33	22	13	13
2009-02-26	26	48	13	32	6	9
2009-02-27	20	48	23	21	6	1
2009-02-28	27	48	28	20	6	5
2009-03-01	13	48	25	17	4	7
2009-03-02	16	48	23	17	4	5
2009-03-03	3	48	24	26	8	5
2009-03-04	4	48	18	24	2	3
2009-03-05	13	48	28	19	7	5
2009-03-06	0	48	24	17	2	6
2009-03-07	8	48	35	25	2	8
2009-03-08	7	48	21	31	4	0
2009-03-09	9	48	27	12	9	1
2009-03-10	2	48	13	3	0	0
2009-03-11	8	48	27	22	0	1
2009-03-12	11	48	31	21	3	1
2009-03-13	14	48	28	24	4	7
2009-03-14	10	48	28	24	3	4
2009-03-15	8	48	21	19	5	3
2009-03-16	10	48	20	11	0	3
2009-03-17	8	48	17	21	4	3
2009-03-18	13	48	22	19	1	2
2009-03-19	21	48	24	18	0	3
2009-03-20	19	48	21	25	1	3
2009-03-21	23	48	21	25	3	3
2009-03-22	23	48	38	18	8	5
2009-03-23	19	48	25	18	10	9
2009-03-24	20	48	30	15	5	7
2009-03-25	8	48	17	25	6	7
2009-03-26	10	48	25	22	0	5
2009-03-27	23	48	23	18	2	0
2009-03-28	24	48	27	39	11	16
2009-03-29	19	48	29	20	4	5
2009-03-30	3	48	14	20	2	4
2009-03-31	5	48	23	12	5	0
2009-04-01	4	48	25	19	4	22
2009-04-02	19	48	26	27	9	48
2009-04-03	24	48	21	25	8	48
2009-04-04	24	48	18	20	15	48
2009-04-05	27	48	27	25	16	48
2009-04-06	24	48	26	19	15	48
2009-04-07	19	48	16	21	21	48
2009-04-08	25	48	19	24	18	48
2009-04-09	28	48	26	22	21	48
2009-04-10	26	48	24	22	11	48
2009-04-11	17	48	12	22	11	48
2009-04-12	21	48	24	18	10	48
2009-04-13	28	48	27	27	13	48
2009-04-14	29	48	24	20	20	48
2009-04-15	20	48	15	18	12	48
2009-04-16	16	48	10	17	15	48
2009-04-17	18	48	16	16	14	48
2009-04-18	26	48	19	23	16	48
2009-04-19	26	48	18	30	14	48
2009-04-20	21	48	25	27	15	48
2009-04-21	21	48	22	21	12	48
2009-04-22	18	48	16	20	11	48
2009-04-23	13	48	25	15	6	48
2009-04-24	12	48	29	16	26	48
2009-04-25	20	48	19	16	21	48
2009-04-26	22	48	18	17	6	48
2009-04-27	23	48	20	13	17	48
2009-04-28	30	48	21	15	21	48
2009-04-29	33	48	23	17	22	48
2009-04-30	1	48	0	1	3	48
2009-05-01	8	48	4	3	4	48
2009-05-02	3	48	6	1	9	48
2009-05-03	7	48	7	1	7	48
2009-05-04	12	48	12	18	17	36
2009-05-05	22	48	21	17	12	34
2009-05-06	19	48	21	18	18	25
2009-05-07	15	48	11	12	10	27
2009-05-08	14	48	14	19	12	23
2009-05-09	15	48	15	8	8	30
2009-05-10	22	48	22	12	6	25
2009-05-11	15	48	13	14	13	24
2009-05-12	16	48	12	7	12	23
2009-05-13	19	48	13	10	13	17
2009-05-14	2	48	5	5	4	0
2009-05-15	2	48	1	5	8	3
2009-05-16	3	48	0	0	0	0
2009-05-17	3	48	9	3	5	2
2009-05-18	5	48	7	5	9	10
2009-05-19	4	48	16	8	14	19
2009-05-20	17	48	12	16	11	21
2009-05-21	16	48	14	12	16	24
2009-05-22	21	48	15	8	8	21
2009-05-23	19	48	18	16	10	21
2009-05-24	19	48	15	13	14	21
2009-05-25	15	48	20	23	15	16
2009-05-26	24	48	18	17	21	29
2009-05-27	33	48	26	21	23	29
2009-05-28	17	48	26	25	13	25
2009-05-29	17	48	25	16	12	16
2009-05-30	19	48	16	19	6	23
2009-05-31	18	48	19	23	6	25
2009-06-01	15	48	19	18	8	26
2009-06-02	26	48	23	29	11	31
2009-06-03	22	48	23	17	11	22
2009-06-04	15	48	13	11	10	24
2009-06-05	18	48	15	18	10	22
2009-06-06	23	48	20	17	17	22
2009-06-07	21	48	13	22	8	26
2009-06-08	2	48	0	2	0	0
2009-06-09	1	48	10	4	4	0
2009-06-10	6	48	23	22	15	18
2009-06-11	5	48	22	17	8	24
2009-06-12	6	48	25	17	9	29
2009-06-13	17	48	23	22	17	28
2009-06-14	16	48	18	19	8	26
2009-06-15	21	48	17	30	12	24
2009-06-16	18	48	27	35	15	26
2009-06-17	3	48	21	3	10	1
2009-06-18	4	48	6	7	2	2
2009-06-19	6	48	17	1	9	2
2009-06-20	7	48	21	13	13	2
2009-06-21	6	48	18	25	10	12
2009-06-22	4	48	1	0	0	0
2009-06-23	1	48	21	3	7	0
2009-06-24	2	48	14	4	8	0
2009-06-25	3	48	27	19	7	16
2009-06-26	4	48	26	26	12	26
2009-06-27	12	48	21	24	10	18
2009-06-28	2	48	25	16	8	11
2009-06-29	5	48	21	16	9	25
2009-06-30	18	48	25	17	10	27
2009-07-01	21	48	27	20	9	27
2009-07-02	21	48	31	23	16	24
2009-07-03	19	48	20	25	10	25
2009-07-04	9	48	14	9	3	4
2009-07-05	3	48	18	9	4	4
2009-07-06	5	48	24	21	12	31
2009-07-07	23	48	24	27	9	24
2009-07-08	29	48	22	20	11	23
2009-07-09	21	48	23	33	9	27
2009-07-10	9	48	11	15	8	9
2009-07-11	5	48	11	2	2	1
2009-07-12	6	48	20	20	2	17
2009-07-13	26	48	27	24	6	22
2009-07-14	29	48	32	24	3	23
2009-07-15	25	48	27	22	3	22
2009-07-16	28	48	23	17	7	21
2009-07-17	29	48	29	25	9	21
2009-07-18	29	48	21	27	12	27
2009-07-19	24	48	19	20	8	23
2009-07-20	18	48	23	15	12	14
2009-07-21	29	48	41	18	10	29
2009-07-22	30	48	30	19	13	26
2009-07-23	18	48	26	24	10	24
2009-07-24	26	48	29	26	8	25
2009-07-25	30	48	25	21	8	21
2009-07-26	19	48	25	16	7	24
2009-07-27	20	48	20	20	2	23
2009-07-28	26	48	28	15	10	30
2009-07-29	17	48	16	24	8	23
2009-07-30	27	48	17	21	16	17
2009-07-31	26	48	18	19	9	22
2009-08-01	17	48	19	17	12	28
2009-08-02	22	48	16	21	11	21
2009-08-03	20	48	24	24	12	17
2009-08-04	21	48	33	22	17	24
2009-08-05	24	48	16	17	8	19
2009-08-06	20	48	19	20	21	20
2009-08-07	27	48	22	28	19	24
2009-08-08	24	48	31	24	17	23
2009-08-09	29	48	28	19	25	28
2009-08-10	21	48	20	21	16	22
2009-08-11	26	48	30	19	19	19
2009-08-12	22	48	28	16	22	14
2009-08-13	25	48	27	19	17	25
2009-08-14	28	48	28	16	17	25
2009-08-15	28	48	27	22	21	15
2009-08-16	28	48	23	20	25	16
2009-08-17	23	48	24	9	16	21
2009-08-18	22	48	18	20	17	24
2009-08-19	27	48	20	21	25	14
2009-08-20	18	48	23	19	1	17
2009-08-21	23	48	22	12	12	27
2009-08-22	24	48	23	18	15	25
2009-08-23	15	48	19	22	26	16
2009-08-24	25	48	22	21	13	20
2009-08-25	22	48	28	19	19	23
2009-08-26	37	48	36	26	16	24
2009-08-27	5	48	5	2	0	2
2009-08-28	2	48	0	2	1	0
2009-08-29	4	48	14	9	2	9
2009-08-30	7	48	18	29	9	23
2009-08-31	25	48	22	27	14	16
2009-09-01	25	48	20	16	15	22
2009-09-02	21	48	32	22	15	21
2009-09-03	21	48	19	23	8	20
2009-09-04	25	48	24	17	3	25
2009-09-05	24	48	21	27	16	19
2009-09-06	32	48	16	19	18	24
2009-09-07	30	48	21	18	18	22
2009-09-08	23	48	25	18	15	20
2009-09-09	20	48	17	18	14	20
2009-09-10	23	48	21	20	22	25
2009-09-11	17	48	22	12	19	16
2009-09-12	18	48	27	13	14	18
2009-09-13	22	48	19	18	22	19
2009-09-14	21	48	17	19	12	15
2009-09-15	23	48	26	19	21	18
2009-09-16	21	48	27	10	17	13
2009-09-17	19	48	22	23	18	15
2009-09-18	23	48	18	20	19	18
2009-09-19	16	48	18	17	17	18
2009-09-20	29	48	18	22	17	27
2009-09-21	20	48	26	20	21	14
2009-09-22	29	48	34	16	26	24
2009-09-23	18	48	18	12	18	12
2009-09-24	21	48	17	20	28	23
2009-09-25	20	48	19	19	23	22
2009-09-26	24	48	26	18	20	21
2009-09-27	22	48	23	15	16	21
2009-09-28	24	48	21	22	18	19
2009-09-29	22	48	22	18	14	17
2009-09-30	22	48	24	21	20	17
2009-10-01	22	48	34	28	16	30
2009-10-02	8	48	24	20	23	28
2009-10-03	11	48	23	31	17	28
2009-10-04	14	48	21	19	16	16
2009-10-05	19	48	21	12	16	16
2009-10-06	25	48	23	20	8	17
2009-10-07	22	48	21	16	17	14
2009-10-08	21	48	28	21	21	24
2009-10-09	22	48	25	20	10	27
2009-10-10	25	48	28	19	14	21
2009-10-11	22	48	29	19	15	27
2009-10-12	28	48	31	26	10	26
2009-10-13	17	48	23	20	7	18
2009-10-14	15	48	22	20	12	20
2009-10-15	24	48	27	24	10	24
2009-10-16	28	48	23	25	19	23
2009-10-17	23	48	24	19	25	15
2009-10-18	16	48	30	22	18	15
2009-10-19	21	48	26	14	16	13
2009-10-20	27	48	9	24	18	25
2009-10-21	25	48	23	11	27	20
2009-10-22	15	48	30	17	14	14
2009-10-23	13	48	0	0	0	0
2009-10-24	6	48	2	2	7	0
2009-10-25	4	48	16	12	11	9
2009-10-26	7	48	24	14	17	22
2009-10-27	8	48	20	19	11	18
2009-10-28	16	48	27	37	22	21
2009-10-29	15	48	20	15	7	13
2009-10-30	3	48	1	0	0	0
2009-10-31	5	48	4	0	3	0
2009-11-01	10	48	25	9	11	4
2009-11-02	4	48	10	16	12	12
2009-11-03	20	48	13	18	12	16
2009-11-04	18	48	17	12	11	16
2009-11-05	14	48	15	18	13	19
2009-11-06	14	48	9	16	16	14
2009-11-07	17	48	11	14	13	18
2009-11-08	23	48	14	17	11	19
2009-11-09	16	48	11	14	9	13
2009-11-10	4	48	11	15	8	9
2009-11-11	1	48	15	17	13	14
2009-11-12	14	48	11	21	4	19
2009-11-13	18	48	9	9	12	19
2009-11-14	17	48	12	18	7	15
2009-11-15	13	48	10	12	12	25
2009-11-16	14	48	20	23	14	15
2009-11-17	7	48	19	25	14	3
2009-11-18	8	48	8	6	18	7
2009-11-19	5	48	6	2	17	0
2009-11-20	6	48	0	8	13	10
2009-11-21	5	48	1	15	10	15
2009-11-22	15	48	2	18	15	19
2009-11-23	15	48	3	12	12	14
2009-11-24	27	48	3	19	17	25
2009-11-25	21	48	1	7	15	20
2009-11-26	24	48	3	18	19	22
2009-11-27	13	48	1	18	17	9
2009-11-28	10	48	0	13	14	19
2009-11-29	12	48	0	8	11	15
2009-11-30	13	48	0	14	15	13
2009-12-01	9	48	1	4	10	6
2009-12-02	16	48	39	8	16	19
2009-12-03	11	48	48	7	8	8
2009-12-04	4	48	48	1	9	14
2009-12-05	7	48	48	3	5	12
2009-12-06	8	48	48	8	13	9
2009-12-07	9	48	48	1	15	21
2009-12-08	9	48	48	2	17	22
2009-12-09	6	48	48	5	3	12
2009-12-10	13	48	48	7	5	11
2009-12-11	8	48	48	2	8	9
2009-12-12	8	48	48	3	7	15
2009-12-13	3	48	48	1	15	18
2009-12-14	3	48	48	0	14	14
2009-12-15	2	48	48	0	7	10
2009-12-16	0	48	48	1	6	12
2009-12-17	0	48	48	0	11	13
2009-12-18	0	48	48	44	13	18
2009-12-19	0	48	48	48	20	22
2009-12-20	20	48	48	48	13	20
2009-12-21	48	48	48	48	11	10
2009-12-22	48	48	48	48	17	20
2009-12-23	48	48	48	48	20	23
2009-12-24	48	48	48	48	8	12
2009-12-25	48	48	48	48	3	2
2009-12-26	48	48	48	48	8	4
2009-12-27	48	48	48	48	1	7
2009-12-28	48	48	48	48	5	16
2009-12-29	48	48	48	48	2	3
2009-12-30	48	48	48	48	5	10
2009-12-31	48	48	48	48	1	5
2010-01-01	48	48	48	48	5	5
2010-01-02	48	48	48	48	0	0
2010-01-03	48	48	48	48	1	1
2010-01-04	48	48	48	48	4	0
2010-01-05	48	48	48	48	0	0
2010-01-06	48	48	48	48	3	0
2010-01-07	48	48	48	48	3	1
2010-01-08	48	48	48	48	2	1
2010-01-09	48	48	48	48	1	1
2010-01-10	48	48	48	48	5	1
2010-01-11	48	48	48	48	5	5
2010-01-12	48	48	48	48	2	3
2010-01-13	48	48	48	48	1	7
2010-01-14	48	48	48	48	15	7
2010-01-15	48	48	48	48	48	16
2010-01-16	48	48	48	48	48	11
2010-01-17	48	48	48	48	48	4
2010-01-18	48	48	48	48	48	10
2010-01-19	48	48	48	48	48	9
2010-01-20	48	48	48	48	48	16
2010-01-21	48	48	48	48	48	23
2010-01-22	48	48	48	48	48	18
2010-01-23	48	48	48	48	48	16
2010-01-24	48	48	48	48	48	3
2010-01-25	48	48	48	48	48	2
2010-01-26	48	48	48	48	48	3
2010-01-27	48	48	48	48	48	2
2010-01-28	48	48	48	48	48	4
2010-01-29	48	48	48	48	48	1
2010-01-30	48	48	48	48	48	2
2010-01-31	48	48	48	48	48	1
2010-02-01	48	48	48	48	48	5
2010-02-02	48	48	48	48	48	5
2010-02-03	48	48	48	48	48	3
2010-02-04	48	48	48	48	48	12
2010-02-05	48	48	48	48	48	9
2010-02-06	48	48	48	48	48	2
2010-02-07	48	48	48	48	48	5
2010-02-08	48	48	48	48	48	9
2010-02-09	48	48	48	48	48	3
2010-02-10	48	48	48	48	48	2
2010-02-11	48	48	48	48	48	1
2010-02-12	48	48	48	48	48	2
2010-02-13	48	48	48	48	48	5
2010-02-14	48	48	48	48	48	5
2010-02-15	48	48	48	48	48	4
2010-02-16	48	48	48	48	48	2
2010-02-17	48	48	48	48	48	3
2010-02-18	48	48	48	48	48	2
2010-02-19	48	48	48	48	48	7
2010-02-20	48	48	48	48	48	5
2010-02-21	48	48	48	48	48	7
2010-02-22	48	48	48	48	48	6
2010-02-23	48	48	48	48	48	3
2010-02-24	48	48	48	48	48	0
2010-02-25	48	48	48	48	48	0
2010-02-26	48	48	48	48	48	2
2010-02-27	48	48	48	48	48	2
2010-02-28	48	48	48	48	48	2
2010-03-01	48	48	48	48	48	1
2010-03-02	48	48	48	48	48	2
2010-03-03	48	48	48	48	48	0
2010-03-04	48	48	48	48	48	3
2010-03-05	36	48	32	36	36	8
2010-03-06	14	48	20	16	24	20
2010-03-07	27	48	28	22	9	23
2010-03-08	13	48	35	35	3	24
2010-03-09	8	48	37	18	16	17
2010-03-10	11	48	18	10	19	1
2010-03-11	5	48	10	10	8	6
2010-03-12	6	48	4	2	11	0
2010-03-13	4	48	1	1	0	1
2010-03-14	11	48	0	1	1	0
2010-03-15	6	48	13	7	15	1
2010-03-16	16	48	27	32	17	29
2010-03-17	12	48	36	34	19	28
2010-03-18	24	48	26	22	17	20
2010-03-19	27	48	36	26	23	27
2010-03-20	41	48	32	26	28	18
2010-03-21	34	48	35	23	17	18
2010-03-22	35	48	30	36	23	21
2010-03-23	34	48	32	30	25	27
2010-03-24	39	48	32	28	27	30
2010-03-25	35	48	31	22	20	21
2010-03-26	29	48	28	29	18	22
2010-03-27	26	48	32	31	19	27
2010-03-28	23	48	20	29	20	19
2010-03-29	24	48	22	21	21	15
2010-03-30	31	48	29	31	20	19
2010-03-31	31	48	34	25	15	18
2010-04-01	28	48	37	29	12	18
2010-04-02	32	48	38	36	21	19
2010-04-03	26	48	28	27	5	18
2010-04-04	34	48	22	27	16	20
2010-04-05	30	48	29	24	11	17
2010-04-06	24	48	33	30	22	19
2010-04-07	32	48	32	38	13	30
2010-04-08	30	48	30	31	15	22
2010-04-09	28	48	33	21	21	19
2010-04-10	30	48	33	22	18	21
2010-04-11	31	48	31	31	23	15
2010-04-12	30	48	33	30	25	20
2010-04-13	24	48	34	26	15	17
2010-04-14	24	48	36	16	13	20
2010-04-15	37	48	34	34	22	19
2010-04-16	35	48	37	31	14	24
2010-04-17	24	48	35	26	16	23
2010-04-18	33	48	32	24	20	19
2010-04-19	35	48	35	30	24	18
2010-04-20	29	48	27	24	23	13
2010-04-21	27	48	28	27	24	20
2010-04-22	34	48	26	20	23	23
2010-04-23	37	48	34	28	28	21
2010-04-24	22	48	27	23	14	16
2010-04-25	0	48	0	0	25	0
2010-04-26	5	48	5	2	1	0
2010-04-27	5	48	3	2	10	4
2010-04-28	6	48	10	12	9	18
2010-04-29	24	48	17	29	18	18
2010-04-30	25	48	13	25	13	21
2010-05-01	2	48	8	7	14	13
2010-05-02	12	48	8	8	12	16
2010-05-03	10	48	4	2	2	0
2010-05-04	3	48	5	2	14	3
2010-05-05	16	48	12	12	13	22
2010-05-06	24	48	18	27	20	25
2010-05-07	11	48	7	9	13	10
2010-05-08	5	48	7	0	11	8
2010-05-09	12	48	14	17	11	19
2010-05-10	34	48	16	36	18	20
2010-05-11	8	48	9	18	10	8
2010-05-12	9	48	11	8	11	3
2010-05-13	7	48	2	1	1	2
2010-05-14	5	48	8	7	10	0
2010-05-15	6	48	6	1	14	10
2010-05-16	15	48	15	11	20	21
2010-05-17	11	48	28	29	23	23
2010-05-18	10	48	26	25	21	21
2010-05-19	30	48	20	30	26	25
2010-05-20	33	48	32	41	22	24
2010-05-21	22	48	30	43	19	31
2010-05-22	22	48	21	33	16	20
2010-05-23	35	48	20	26	17	27
2010-05-24	22	48	33	27	19	23
2010-05-25	37	48	37	29	13	28
2010-05-26	26	48	40	29	17	25
2010-05-27	32	48	40	30	25	23
2010-05-28	29	48	30	26	27	19
2010-05-29	35	48	29	28	18	21
2010-05-30	32	48	18	30	20	24
2010-05-31	31	48	29	29	19	26
2010-06-01	26	48	31	23	15	18
2010-06-02	9	48	1	0	0	1
2010-06-03	3	48	1	0	7	12
2010-06-04	28	48	11	23	15	24
2010-06-05	9	48	8	7	2	9
2010-06-06	1	48	5	1	6	5
2010-06-07	9	48	15	9	18	24
2010-06-08	16	48	16	16	19	9
2010-06-09	2	48	15	7	14	24
2010-06-10	22	48	14	26	16	15
2010-06-11	7	48	18	9	21	22
2010-06-12	15	48	5	4	5	10
2010-06-13	3	48	0	0	0	0
2010-06-14	2	48	1	0	1	0
2010-06-15	8	48	3	2	0	0
2010-06-16	9	48	9	4	6	0
2010-06-17	5	48	7	6	16	23
2010-06-18	15	48	11	6	9	13
2010-06-19	3	48	1	1	0	0
2010-06-20	11	48	11	7	6	2
2010-06-21	6	48	8	1	13	12
2010-06-22	5	48	13	7	10	0
2010-06-23	8	48	5	10	6	0
2010-06-24	5	48	8	10	6	0
2010-06-25	10	48	16	35	16	15
2010-06-26	3	48	7	18	15	23
2010-06-27	10	48	9	30	11	24
2010-06-28	32	48	21	26	19	22
2010-06-29	31	48	37	25	20	18
2010-06-30	27	48	33	20	27	18
2010-07-01	28	48	29	26	19	24
2010-07-02	29	48	32	26	24	19
2010-07-03	24	48	34	20	18	24
2010-07-04	27	48	39	31	19	30
2010-07-05	22	48	30	28	27	31
2010-07-06	25	48	20	26	18	22
2010-07-07	38	48	17	20	14	23
2010-07-08	25	48	22	16	18	25
2010-07-09	31	48	24	20	21	20
2010-07-10	28	48	19	21	17	21
2010-07-11	31	48	25	17	14	24
2010-07-12	22	48	22	26	13	24
2010-07-13	30	48	26	24	22	19
2010-07-14	27	48	33	27	16	24
2010-07-15	31	48	29	30	15	27
2010-07-16	25	48	34	18	24	26
2010-07-17	29	48	33	23	21	20
2010-07-18	31	48	35	19	23	25
2010-07-19	35	48	16	28	18	21
2010-07-20	34	48	21	26	15	20
2010-07-21	28	48	32	26	24	23
2010-07-22	31	48	29	32	27	22
2010-07-23	15	48	33	29	25	27
2010-07-24	32	48	28	23	19	18
2010-07-25	24	48	27	24	20	17
2010-07-26	27	48	20	22	23	19
2010-07-27	32	48	27	27	27	17
2010-07-28	33	48	32	30	24	23
2010-07-29	29	48	32	27	23	19
2010-07-30	30	48	26	18	28	21
2010-07-31	27	48	23	30	26	21
2010-08-01	22	48	30	20	21	15
2010-08-02	25	48	26	20	24	25
2010-08-03	32	48	16	25	19	22
2010-08-04	33	48	21	28	26	22
2010-08-05	25	48	23	25	28	20
2010-08-06	25	48	27	27	19	23
2010-08-07	25	48	32	26	17	19
2010-08-08	25	48	30	22	13	30
2010-08-09	24	48	28	14	16	18
2010-08-10	30	48	25	28	23	27
2010-08-11	31	48	27	27	23	18
2010-08-12	31	48	27	20	20	20
2010-08-13	27	48	23	26	17	16
2010-08-14	22	48	20	15	6	13
2010-08-15	33	48	33	26	2	16
2010-08-16	24	48	28	22	3	15
2010-08-17	27	48	23	26	27	22
2010-08-18	25	48	28	22	12	23
2010-08-19	25	48	25	21	16	17
2010-08-20	31	48	27	30	13	18
2010-08-21	26	48	19	31	18	20
2010-08-22	22	48	20	21	19	15
2010-08-23	22	48	19	20	15	13
2010-08-24	22	48	31	18	18	23
2010-08-25	25	48	23	18	17	12
2010-08-26	22	48	18	16	13	15
2010-08-27	24	48	21	17	13	15
2010-08-28	18	48	19	21	16	13
2010-08-29	28	48	28	20	12	17
2010-08-30	18	48	28	18	11	18
2010-08-31	28	48	29	28	15	20
2010-09-01	11	48	31	21	2	16
2010-09-02	22	48	26	22	0	19
2010-09-03	28	48	19	24	20	16
2010-09-04	19	48	22	16	11	21
2010-09-05	30	48	17	20	16	16
2010-09-06	26	48	30	16	21	13
2010-09-07	28	48	18	14	18	22
2010-09-08	20	48	20	16	7	7
2010-09-09	29	48	14	25	20	17
2010-09-10	26	48	29	17	17	18
2010-09-11	26	48	30	18	12	17
2010-09-12	20	48	18	16	12	18
2010-09-13	22	48	20	15	11	10
2010-09-14	18	48	12	16	15	12
2010-09-15	21	48	23	22	17	12
2010-09-16	27	48	34	26	23	17
2010-09-17	21	48	16	14	8	17
2010-09-18	24	48	32	27	19	15
2010-09-19	4	48	13	6	1	2
2010-09-20	0	48	0	0	2	5
2010-09-21	7	48	9	11	10	10
2010-09-22	2	48	2	4	0	0
2010-09-23	1	48	3	0	7	10
2010-09-24	4	48	3	2	1	1
2010-09-25	2	48	4	2	27	8
2010-09-26	11	48	11	6	37	1
2010-09-27	4	48	5	0	18	4
2010-09-28	6	48	6	14	15	12
2010-09-29	20	48	4	14	8	14
2010-09-30	16	48	19	20	10	10
2010-10-01	17	48	19	14	16	10
2010-10-02	17	48	17	18	10	14
2010-10-03	20	48	21	20	19	16
2010-10-04	21	48	19	18	15	14
2010-10-05	15	48	21	21	16	17
2010-10-06	18	48	18	20	21	20
2010-10-07	14	48	17	21	27	9
2010-10-08	19	48	22	19	23	9
2010-10-09	23	48	12	17	8	16
2010-10-10	16	48	14	16	5	13
2010-10-11	15	48	17	19	3	13
2010-10-12	19	48	15	21	3	10
2010-10-13	16	48	12	15	14	16
2010-10-14	20	48	18	20	37	18
2010-10-15	14	48	17	11	27	11
2010-10-16	20	48	16	15	22	15
2010-10-17	16	48	12	13	28	14
2010-10-18	21	48	20	21	12	16
2010-10-19	18	48	14	17	3	18
2010-10-20	18	48	14	9	15	11
2010-10-21	16	48	10	10	5	10
2010-10-22	16	48	14	17	7	14
2010-10-23	18	48	24	18	12	11
2010-10-24	25	48	33	27	29	20
2010-10-25	22	48	25	20	10	6
2010-10-26	27	48	25	21	10	11
2010-10-27	23	48	16	14	9	15
2010-10-28	25	48	17	22	17	24
2010-10-29	19	48	16	11	8	16
2010-10-30	15	48	10	15	11	14
2010-10-31	15	48	8	19	9	8
2010-11-01	17	48	11	12	9	14
2010-11-02	15	48	10	12	9	8
2010-11-03	14	48	10	12	3	6
2010-11-04	14	48	11	17	9	11
2010-11-05	13	48	6	5	4	9
2010-11-06	15	48	10	18	9	9
2010-11-07	10	48	16	13	9	13
2010-11-08	13	48	12	14	4	9
2010-11-09	17	48	11	13	9	11
2010-11-10	9	48	9	7	6	11
2010-11-11	14	48	10	17	7	18
2010-11-12	21	48	11	23	10	12
2010-11-13	20	48	17	19	10	23
2010-11-14	12	48	11	13	4	8
2010-11-15	14	48	11	14	9	12
2010-11-16	8	48	8	9	4	10
2010-11-17	19	48	10	20	5	14
2010-11-18	13	48	8	18	14	8
2010-11-19	13	48	10	11	6	14
2010-11-20	13	48	12	14	6	8
2010-11-21	19	48	22	15	7	13
2010-11-22	12	48	11	10	5	12
2010-11-23	7	48	6	8	0	5
2010-11-24	22	48	12	29	10	10
2010-11-25	17	48	10	10	6	10
2010-11-26	10	48	20	9	14	12
2010-11-27	10	48	11	10	8	5
2010-11-28	10	48	13	7	8	6
2010-11-29	24	48	11	31	10	11
2010-11-30	9	48	14	16	13	12
2010-12-01	13	48	10	8	10	11
2010-12-02	16	48	12	18	5	21
2010-12-03	19	48	15	8	1	18
2010-12-04	28	48	12	21	10	18
2010-12-05	10	48	7	8	8	3
2010-12-06	12	48	15	13	7	15
2010-12-07	9	48	7	8	0	6
2010-12-08	4	48	11	6	0	8
2010-12-09	14	48	15	3	12	7
2010-12-10	7	48	12	0	19	11
2010-12-11	19	48	18	2	22	14
2010-12-12	10	48	8	0	48	8
2010-12-13	8	48	10	0	48	12
2010-12-14	12	48	21	2	48	5
2010-12-15	19	48	18	3	48	6
2010-12-16	22	48	16	0	48	8
2010-12-17	8	48	5	0	48	4
2010-12-18	6	48	3	0	48	5
2010-12-19	7	48	11	1	48	10
2010-12-20	21	48	25	2	48	9
2010-12-21	16	48	11	0	48	7
2010-12-22	13	48	11	0	48	9
2010-12-23	16	48	11	1	48	9
2010-12-24	18	48	14	1	48	13
2010-12-25	17	48	9	1	48	9
2010-12-26	12	48	9	1	48	7
2010-12-27	8	48	7	1	48	10
2010-12-28	4	48	3	1	48	4
2010-12-29	22	48	11	0	48	8
2010-12-30	12	48	19	0	48	4
2010-12-31	4	48	6	0	48	2
2011-01-01	7	5	6	0	48	3
2011-01-02	4	9	6	2	48	8
2011-01-03	4	12	8	0	48	2
2011-01-04	2	12	2	0	48	1
2011-01-05	11	16	12	0	48	3
2011-01-06	8	18	15	1	48	9
2011-01-07	11	15	11	1	48	8
2011-01-08	5	3	7	0	48	5
2011-01-09	3	5	11	0	48	3
2011-01-10	11	1	13	2	48	10
2011-01-11	12	1	17	3	48	3
2011-01-12	3	3	7	0	48	6
2011-01-13	3	8	10	0	48	1
2011-01-14	10	8	15	0	48	1
2011-01-15	0	3	10	1	48	2
2011-01-16	2	7	9	1	48	5
2011-01-17	13	13	16	1	48	5
2011-01-18	8	4	4	0	48	3
2011-01-19	0	5	8	0	48	9
2011-01-20	2	13	11	0	48	0
2011-01-21	48	4	9	1	48	0
2011-01-22	48	6	8	0	48	1
2011-01-23	48	7	5	0	48	4
2011-01-24	48	2	3	0	48	1
2011-01-25	48	9	15	1	47	6
2011-01-26	48	14	11	0	48	0
2011-01-27	48	7	5	0	48	2
2011-01-28	48	5	8	0	47	14
2011-01-29	48	2	3	1	48	1
2011-01-30	48	4	3	2	48	1
2011-01-31	48	4	36	0	48	2
2011-02-01	48	6	48	1	48	1
2011-02-02	48	5	48	13	48	10
2011-02-03	48	5	48	48	48	48
2011-02-04	48	6	48	48	48	48
2011-02-05	48	3	48	48	48	48
2011-02-06	48	2	48	48	48	48
2011-02-07	48	8	48	48	48	48
2011-02-08	48	5	48	48	48	48
2011-02-09	48	6	48	48	48	48
2011-02-10	48	6	48	48	48	48
2011-02-11	48	6	48	48	48	48
2011-02-12	48	5	48	48	48	48
2011-02-13	48	2	48	48	48	48
2011-02-14	48	15	48	48	48	48
2011-02-15	48	16	48	48	48	48
2011-02-16	48	12	48	48	48	48
2011-02-17	48	1	48	48	48	48
2011-02-18	48	1	48	48	48	48
2011-02-19	48	9	48	48	48	48
2011-02-20	48	9	48	48	48	48
2011-02-21	48	9	48	48	48	48
2011-02-22	48	9	48	48	48	48
2011-02-23	48	14	48	48	48	48
2011-02-24	48	12	48	48	48	48
2011-02-25	48	9	48	48	48	48
2011-02-26	48	15	48	48	48	48
2011-02-27	48	15	48	48	48	48
2011-02-28	48	7	48	48	48	48
2011-03-01	48	6	48	48	48	48
2011-03-02	48	7	48	48	48	48
2011-03-03	48	13	48	48	48	48
2011-03-04	48	14	48	48	48	48
2011-03-05	48	10	48	48	48	48
2011-03-06	48	3	48	48	48	48
2011-03-07	48	18	48	48	48	48
2011-03-08	48	15	48	48	48	48
2011-03-09	48	7	48	48	48	48
2011-03-10	48	6	48	48	48	48
2011-03-11	48	7	48	48	48	48
2011-03-12	48	7	48	48	48	48
2011-03-13	48	9	48	48	48	48
2011-03-14	48	27	48	48	48	48
2011-03-15	48	48	48	48	48	48
2011-03-16	48	48	35	47	31	30
2011-03-17	48	48	29	48	10	14
2011-03-18	48	48	13	48	8	13
2011-03-19	48	48	20	48	12	16
2011-03-20	48	48	27	48	11	15
2011-03-21	48	48	16	48	8	13
2011-03-22	48	48	18	48	17	16
2011-03-23	48	48	23	48	10	22
2011-03-24	48	48	31	48	14	16
2011-03-25	48	48	37	48	18	26
2011-03-26	48	48	29	48	14	17
2011-03-27	48	48	27	48	13	15
2011-03-28	48	48	21	48	13	16
2011-03-29	48	48	33	48	13	20
2011-03-30	48	48	29	48	14	15
2011-03-31	37	48	28	36	16	23
2011-04-01	28	48	20	15	17	18
2011-04-02	32	48	31	19	18	18
2011-04-03	31	48	16	14	18	16
2011-04-04	26	48	21	22	16	20
2011-04-05	28	48	22	14	20	16
2011-04-06	35	48	23	19	19	15
2011-04-07	27	48	26	23	24	21
2011-04-08	34	48	27	31	12	20
2011-04-09	30	48	28	18	20	17
2011-04-10	37	48	17	12	20	15
2011-04-11	36	48	31	17	17	13
2011-04-12	35	48	18	19	11	19
2011-04-13	35	48	18	18	14	11
2011-04-14	37	48	10	22	9	12
2011-04-15	38	48	28	25	14	15
2011-04-16	39	48	30	15	12	23
2011-04-17	38	48	29	22	14	14
2011-04-18	37	48	23	27	10	20
2011-04-19	29	48	17	14	4	5
2011-04-20	25	48	13	1	15	0
2011-04-21	32	48	11	2	17	15
2011-04-22	31	48	5	2	15	9
2011-04-23	28	48	5	3	15	3
2011-04-24	33	48	12	13	8	13
2011-04-25	33	48	4	7	17	22
2011-04-26	31	48	15	1	14	9
2011-04-27	28	48	6	2	9	11
2011-04-28	34	48	11	10	13	23
2011-04-29	33	48	17	18	13	17
2011-04-30	36	48	16	12	14	33
2011-05-01	32	48	28	16	23	48
2011-05-02	36	48	24	18	17	48
2011-05-03	25	48	27	13	13	48
2011-05-04	31	48	12	14	12	48
2011-05-05	38	48	28	21	16	48
2011-05-06	28	48	21	17	16	48
2011-05-07	35	48	21	17	12	48
2011-05-08	36	48	21	16	17	48
2011-05-09	41	48	23	22	13	48
2011-05-10	30	48	28	16	21	48
2011-05-11	42	48	12	19	14	48
2011-05-12	41	48	21	45	18	48
2011-05-13	37	48	31	48	15	48
2011-05-14	23	48	11	48	13	48
2011-05-15	23	48	10	48	1	48
2011-05-16	30	48	5	48	14	48
2011-05-17	29	48	8	48	9	48
2011-05-18	29	48	47	48	13	48
2011-05-19	30	48	48	48	13	48
2011-05-20	25	48	48	48	14	48
2011-05-21	26	48	48	48	15	48
2011-05-22	36	48	48	48	9	48
2011-05-23	34	48	48	48	18	48
2011-05-24	30	48	48	48	13	48
2011-05-25	27	48	48	48	7	48
2011-05-26	31	48	48	48	0	48
2011-05-27	25	48	48	48	9	48
2011-05-28	33	48	48	48	13	48
2011-05-29	27	48	48	48	7	48
2011-05-30	24	48	48	48	10	48
2011-05-31	27	48	48	48	12	48
2011-06-01	30	48	48	48	11	48
2011-06-02	24	48	48	48	13	48
2011-06-03	24	48	48	48	14	48
2011-06-04	33	48	48	48	15	48
2011-06-05	24	48	48	48	6	48
2011-06-06	26	48	48	48	6	48
2011-06-07	28	48	48	48	13	48
2011-06-08	38	48	48	48	35	48
2011-06-09	32	48	48	48	48	48
2011-06-10	34	48	48	48	48	48
2011-06-11	23	48	48	48	48	48
2011-06-12	29	48	48	48	48	48
2011-06-13	29	48	48	48	48	48
2011-06-14	30	48	48	48	48	48
2011-06-15	27	48	48	48	48	48
2011-06-16	30	48	48	48	48	48
2011-06-17	30	48	48	48	48	48
2011-06-18	27	48	48	48	48	48
2011-06-19	32	48	48	48	48	48
2011-06-20	35	48	48	48	48	48
2011-06-21	34	48	48	48	48	48
2011-06-22	23	48	48	48	48	48
2011-06-23	37	48	48	48	48	48
2011-06-24	41	48	48	48	48	48
2011-06-25	41	48	48	48	48	48
2011-06-26	42	48	48	48	48	48
2011-06-27	36	48	48	48	48	48
2011-06-28	40	48	48	48	48	48
2011-06-29	37	48	48	48	48	48
2011-06-30	39	48	48	48	48	48
2011-07-01	35	48	48	48	48	48
2011-07-02	40	48	48	48	48	48
2011-07-03	25	48	48	48	48	48
2011-07-04	32	48	48	48	48	48
2011-07-05	30	48	48	48	48	48
2011-07-06	33	48	48	48	48	48
2011-07-07	34	48	48	48	48	48
2011-07-08	41	48	48	48	48	48
2011-07-09	29	48	48	48	48	48
2011-07-10	35	48	48	48	48	48
2011-07-11	33	48	48	48	48	48
2011-07-12	33	48	48	48	48	48
2011-07-13	32	48	48	48	48	48
2011-07-14	40	48	48	48	48	48
2011-07-15	39	48	48	48	48	48
2011-07-16	36	48	48	48	48	48
2011-07-17	33	48	48	48	48	48
2011-07-18	32	48	48	48	48	48
2011-07-19	33	48	48	48	48	48
2011-07-20	31	48	48	48	48	48
2011-07-21	29	48	48	48	48	48
2011-07-22	33	48	48	48	48	48
2011-07-23	38	48	48	48	48	48
2011-07-24	27	48	48	48	48	48
2011-07-25	36	48	48	48	48	48
2011-07-26	34	48	48	48	48	48
2011-07-27	40	48	48	48	48	48
2011-07-28	39	48	48	48	48	48
2011-07-29	31	48	48	48	48	48
2011-07-30	38	48	48	48	48	48
2011-07-31	35	48	48	48	48	48
2011-08-01	30	48	48	48	48	48
2011-08-02	40	48	48	48	48	48
2011-08-03	40	48	48	48	48	48
2011-08-04	40	48	48	48	48	48
2011-08-05	38	48	48	48	48	48
2011-08-06	29	48	48	48	48	48
2011-08-07	33	48	48	48	48	48
2011-08-08	38	48	48	48	48	48
2011-08-09	35	48	48	48	48	48
2011-08-10	33	48	48	48	48	48
2011-08-11	29	48	48	48	48	48
2011-08-12	39	48	48	48	48	48
2012-04-03	0	0	0	0	0	52
2012-04-04	0	0	0	0	0	96
2012-04-05	0	0	0	0	0	96
2012-04-06	0	0	0	0	0	33
2012-04-07	0	0	0	0	0	0
2012-04-08	0	0	0	0	0	0
2012-04-09	0	0	0	0	0	0
2012-04-10	0	0	0	0	0	0
2012-04-11	0	0	0	0	0	0
2012-04-12	0	0	0	0	0	0
2012-04-13	0	0	0	0	0	0
2012-04-14	0	0	0	0	0	0
2012-04-15	0	0	0	0	0	0
2012-04-16	0	0	0	0	0	0
2012-04-17	0	0	0	0	0	0
2012-04-18	0	0	0	0	0	0
2012-04-19	0	0	0	0	0	0
2012-04-20	0	0	0	0	0	0
2012-04-21	0	0	0	0	0	0
2012-04-22	0	0	0	0	0	0
2012-04-23	0	0	0	0	0	0
2012-04-24	0	0	0	0	0	0
2012-04-25	0	0	0	0	0	0
2012-04-26	0	0	0	0	0	0
2012-04-27	0	0	0	0	0	0
2012-04-28	0	0	0	0	0	0
2012-04-29	0	0	0	0	0	0
2012-04-30	0	0	0	0	0	0
2012-05-01	0	0	0	0	0	0
2012-05-02	0	0	0	0	0	0
2012-05-03	0	0	0	0	0	0
2012-05-04	0	0	0	0	0	0
2012-05-05	0	0	0	0	0	0
2012-05-06	0	0	0	0	0	0
2012-05-07	0	0	0	0	0	0
2012-05-08	0	0	0	0	0	0
2012-05-09	0	0	0	0	0	0
2012-05-10	0	0	0	0	0	0
2012-05-11	0	0	0	0	0	0
2012-05-12	0	0	0	0	0	0
2012-05-13	0	0	0	0	0	0
2012-05-14	0	0	0	0	0	0
2012-05-15	0	0	0	0	0	0
2012-05-16	0	0	0	0	0	0
2012-05-17	0	0	0	0	0	0
2012-05-18	0	0	0	0	0	0
2012-05-19	0	0	0	0	0	0
2012-05-20	0	0	0	0	0	0
2012-05-21	0	0	0	0	0	0
2012-05-22	0	0	0	0	0	0
2012-05-23	0	0	0	0	0	0
2012-05-24	0	0	0	0	0	0
2012-05-25	0	0	0	0	0	0
2012-05-26	0	0	0	0	0	0
2012-05-27	0	0	0	0	0	0
2012-05-28	0	0	0	0	0	0
2012-05-29	0	0	0	0	0	0
2012-05-30	0	0	0	0	0	0
2012-05-31	0	0	0	0	0	0
2012-06-01	0	0	0	0	0	0
2012-06-02	0	0	0	0	0	0
2012-06-03	0	0	0	0	0	0
2012-06-04	0	0	0	0	0	0
2012-06-05	0	0	0	0	0	0
2012-06-06	0	0	0	0	0	0
2012-06-07	0	0	0	0	0	0
2012-06-08	0	0	0	0	0	0
2012-06-09	0	0	0	0	0	0
2012-06-10	0	0	0	0	0	0
2012-06-11	0	0	0	0	0	0
2012-06-12	0	0	0	0	0	0
2012-06-13	0	0	0	0	0	0
2012-06-14	0	0	0	0	0	0
2012-06-15	0	0	0	0	0	0
2012-06-16	0	0	0	0	0	0
2012-06-17	0	0	0	0	0	0
2012-06-18	0	0	0	0	0	0
2012-06-19	0	0	0	0	0	0
2012-06-20	0	0	0	0	0	0
2012-06-21	0	0	0	0	0	0
2012-06-22	0	0	0	0	0	0
2012-06-23	0	0	0	0	0	0
2012-06-24	0	0	0	0	0	0
2012-06-25	0	0	0	0	0	0
2012-06-26	0	0	0	0	0	0
2012-06-27	0	0	0	0	0	0
2012-06-28	0	0	0	0	0	0
2012-06-29	0	0	0	0	0	0
2012-06-30	0	0	0	0	0	0
2012-07-01	0	0	0	0	0	0
2012-07-02	0	0	0	0	0	0
2012-07-03	0	0	0	0	0	0
2012-07-04	0	0	0	0	0	0
2012-07-05	0	0	0	0	0	0
2012-07-06	0	0	0	0	0	0
2012-07-07	0	0	0	0	0	0
2012-07-08	0	0	0	0	0	0
2012-07-09	0	0	0	0	0	0
2012-07-10	0	0	0	0	0	0
2012-07-11	0	0	0	0	0	0
2012-07-12	0	0	0	0	0	0
2012-07-13	0	0	0	0	0	0
2012-07-14	0	0	0	0	0	0
2012-07-15	0	0	0	0	0	0
2012-07-16	0	0	0	0	0	0
2012-07-17	0	0	0	0	0	0
2012-07-18	0	0	0	0	0	0
2012-07-19	0	0	0	0	0	0
2012-07-20	0	0	0	0	0	0
2012-07-21	0	0	0	0	0	0
2012-07-22	0	0	0	0	0	0
2012-07-23	0	0	0	0	0	0
2012-07-24	0	0	0	0	0	0
2012-07-25	0	0	0	0	0	0
2012-07-26	0	0	0	0	0	0
2012-07-27	0	0	0	0	0	0
2012-07-28	0	0	0	0	0	0
2012-07-29	0	0	0	0	0	0
2012-07-30	0	0	0	0	0	0
2012-07-31	0	0	0	0	0	0
2012-08-01	0	0	0	0	0	0
2012-08-02	0	0	0	0	0	0
2012-08-03	0	0	0	0	0	0
2012-08-04	0	0	0	0	0	0
2012-08-05	0	0	0	0	0	0
2012-08-06	0	0	0	0	0	0
2012-08-07	0	0	0	0	0	0
2012-08-08	0	0	0	0	0	0
2012-08-09	0	0	0	0	0	0
2012-08-10	0	0	0	0	0	0
2012-08-11	0	0	0	0	0	0
2012-08-12	0	0	0	0	0	0
2012-08-13	0	0	0	0	0	0
2012-08-14	0	0	0	0	0	0
2012-08-15	0	0	0	0	0	0
2012-08-16	0	0	0	0	0	0
2012-08-17	0	0	0	0	0	0
2012-08-18	0	0	0	0	0	0
2012-08-19	0	0	0	0	0	0
2012-08-20	0	0	0	0	0	0
2012-08-21	0	0	0	0	0	0
2012-08-22	0	0	0	0	0	0
2012-08-23	0	0	0	0	0	0
2012-08-24	0	0	0	0	0	0
2012-08-25	0	0	0	0	0	0
2012-08-26	0	0	0	0	0	0
2012-08-27	0	0	0	0	0	0
2012-08-28	0	0	0	0	0	0
2012-08-29	0	0	0	0	0	0
2012-08-30	0	0	0	0	0	0
2012-08-31	0	0	0	0	0	0
2012-09-01	0	0	0	0	0	0
2012-09-02	0	0	0	0	0	0
2012-09-03	0	0	0	0	0	0
2012-09-04	0	0	0	0	0	0
2012-09-05	0	0	0	0	0	0
2012-09-06	0	0	0	0	0	0
2012-09-07	0	0	0	0	0	0
2012-09-08	0	0	0	0	0	0
2012-09-09	0	0	0	0	0	0
2012-09-10	0	0	0	0	0	0
2012-09-11	0	0	0	0	0	0
2012-09-12	0	0	0	0	0	0
2012-09-13	0	0	0	0	0	0
2012-09-14	0	0	0	0	0	0
2012-09-15	0	0	0	0	0	0
2012-09-16	0	0	0	0	0	0
2012-09-17	0	0	0	0	0	0
2012-09-18	0	0	0	0	0	0
2012-09-19	0	0	0	0	0	0
2012-09-20	0	0	0	0	0	0
2012-09-21	0	0	0	0	0	0
2012-09-22	0	0	0	0	0	0
2012-09-23	0	0	0	0	0	0
2012-09-24	0	0	0	0	0	0
2012-09-25	0	0	0	0	0	0
2012-09-26	0	0	0	0	0	0
2012-09-27	0	0	0	0	0	0
2012-09-28	0	0	0	0	0	0
2012-09-29	0	0	0	0	0	0
2012-09-30	0	0	0	0	0	0
2012-10-01	0	0	0	0	0	0
2012-10-02	0	0	0	0	0	0
2012-10-03	0	0	0	0	0	0
2012-10-04	0	0	0	0	0	0
2012-10-05	0	0	0	0	0	0
2012-10-06	0	0	0	0	0	0
2012-10-07	0	0	0	0	0	0
2012-10-08	0	0	0	0	0	0
2012-10-09	0	0	0	0	0	0
2012-10-10	0	0	0	0	0	0
2012-10-11	0	0	0	0	0	0
2012-10-12	0	0	0	0	0	0
2012-10-13	0	0	0	0	0	0
2012-10-14	0	0	0	0	0	0
2012-10-15	0	0	0	0	0	0
2012-10-16	0	0	0	0	0	0
2012-10-17	0	0	0	0	0	0
2012-10-18	0	0	0	0	0	0
2012-10-19	0	0	0	0	0	0
2012-10-20	0	0	0	0	0	0
2012-10-21	0	0	0	0	0	0
2012-10-22	0	0	0	0	0	0
2012-10-23	0	0	0	0	0	0
2012-10-24	0	0	0	0	0	0
2012-10-25	0	0	0	0	0	0
2012-10-26	0	0	0	0	0	0
2012-10-27	0	0	0	0	0	0
2012-10-28	0	0	0	0	0	0
2012-10-29	0	0	0	0	0	0
2012-10-30	0	0	0	0	0	0
2012-10-31	0	0	0	0	0	0
2012-11-01	0	0	0	0	0	0
2012-11-02	0	0	0	0	0	0
2012-11-03	0	0	0	0	0	0
2012-11-04	0	0	0	0	0	0
2012-11-05	0	0	0	0	0	0
2012-11-06	0	0	0	0	0	0
2012-11-07	0	0	0	0	0	0
2012-11-08	0	0	0	0	0	0
2012-11-09	0	0	0	0	0	0
2012-11-10	0	0	0	0	0	0
2012-11-11	0	0	0	0	0	0
2012-11-12	0	0	0	0	0	0
2012-11-13	0	0	0	0	0	0
2012-11-14	0	0	0	0	0	0
2012-11-15	0	0	0	0	0	0
2012-11-16	0	0	0	0	0	0
2012-11-17	0	0	0	0	0	0
2012-11-18	0	0	0	0	0	0
2012-11-19	0	0	0	0	0	0
2012-11-20	0	0	0	0	0	0
2012-11-21	0	0	0	0	0	0
2012-11-22	0	0	0	0	0	0
2012-11-23	0	0	0	0	0	0
2012-11-24	0	0	0	0	0	0
2012-11-25	0	0	0	0	0	0
2012-11-26	0	0	0	0	0	0
2012-11-27	0	0	0	0	0	0
2012-11-28	0	0	0	0	0	0
2012-11-29	0	0	0	0	0	0
2012-11-30	0	0	0	0	0	0
2012-12-01	0	0	0	0	0	0
2012-12-02	0	0	0	0	0	0
2012-12-03	2	3	2	1	1	1
2013-02-14	28	3	28	28	28	28
2013-02-15	96	0	96	96	96	96
2013-02-16	96	0	96	96	96	96
2013-02-17	96	0	96	96	96	96
2013-02-18	96	0	96	96	96	96
2013-02-19	96	0	96	96	96	96
2013-02-20	96	0	96	96	96	96
2013-02-21	96	0	96	96	96	96
2013-02-22	96	0	96	96	96	96
2013-02-23	96	0	96	96	96	96
2013-02-24	96	0	96	96	96	96
2013-02-25	96	0	96	96	96	96
2013-02-26	96	0	96	96	96	96
2013-02-27	96	0	96	96	96	96
2013-02-28	96	0	96	96	96	96
2013-03-01	96	0	96	96	96	96
2013-03-02	96	0	96	96	96	96
2013-03-03	96	0	96	96	96	96
2013-03-04	96	0	96	96	96	96
2013-03-05	96	0	96	96	96	96
2013-03-06	96	0	96	96	96	96
2013-03-07	96	0	96	96	96	96
2013-03-08	96	0	59	60	60	60
2013-03-09	69	0	0	0	0	0
2013-03-10	0	0	0	0	0	0
2013-03-11	0	0	0	0	0	0
2013-03-12	0	0	0	0	0	0
2013-03-13	0	0	0	0	0	0
2013-03-14	0	0	0	0	0	0
2013-03-15	0	0	0	0	0	0
2013-03-16	0	0	0	0	0	0
2013-03-17	0	0	0	0	0	0
2013-03-18	0	0	0	0	0	0
2013-03-19	0	0	0	0	0	0
2013-03-20	0	0	0	0	0	0
2013-03-21	0	0	0	0	0	0
2013-03-22	0	0	0	0	0	0
2013-03-23	0	0	0	0	0	0
2013-03-24	0	0	0	0	0	0
2013-03-25	0	0	0	0	0	0
2013-03-26	0	0	0	0	0	0
2013-03-27	0	0	0	0	0	0
2013-03-28	0	0	0	0	0	0
2013-03-29	0	0	0	0	0	0
2013-03-30	0	0	0	0	0	0
2013-03-31	0	0	0	0	0	0
2013-04-01	0	0	0	0	0	0
2013-04-02	0	0	0	0	0	0
2013-04-03	0	0	0	0	0	0
2013-04-04	0	0	0	0	0	0
2013-04-05	0	0	0	0	0	0
2013-04-06	0	0	0	0	0	0
2013-04-07	0	0	0	0	0	0
2013-04-08	0	0	0	0	0	0
2013-04-09	0	0	0	0	0	0
2013-04-10	0	0	0	0	0	0
2013-04-11	0	0	0	0	0	0
2013-04-12	0	0	0	0	0	0
2013-04-13	0	0	0	0	0	0
2013-04-14	0	0	0	0	0	0
2013-04-15	0	0	0	0	0	0
2013-04-16	0	0	0	0	0	0
2013-04-17	0	0	0	0	0	0
2013-04-18	0	0	0	0	0	0
2013-04-19	0	0	0	0	0	0
2013-04-20	0	0	0	0	0	0
2013-04-21	0	0	0	0	0	0
2013-04-22	0	0	0	0	0	0
2013-04-23	0	0	0	0	0	0
2013-04-24	0	0	0	0	0	0
2013-04-25	0	0	0	0	0	0
2013-04-26	0	0	0	0	0	0
2013-04-27	0	0	0	0	0	0
2013-04-28	0	0	0	0	0	0
2013-04-29	0	0	0	0	0	0
2013-04-30	0	0	0	0	0	0
2013-05-01	0	0	0	0	0	0
2013-05-02	0	0	0	0	0	0
2013-05-03	0	0	0	0	0	0
2013-05-04	0	0	0	0	0	0
2013-05-05	0	0	0	0	0	0
2013-05-06	0	0	0	0	0	0
2013-05-07	0	0	0	0	0	0
2013-05-08	0	0	0	0	0	0
2013-05-09	0	0	0	0	0	0
2013-05-10	0	0	0	0	0	0
2013-05-11	0	0	0	0	0	0
2013-05-12	0	0	0	0	0	0
2013-05-13	0	0	0	0	0	0
2013-05-14	0	0	0	0	0	0
2013-05-15	0	0	0	0	0	0
2013-05-16	0	0	0	0	0	0
2013-05-17	0	0	0	0	0	0
2013-05-18	0	0	0	0	0	0
2013-05-19	0	0	0	0	0	0
2013-05-20	0	0	0	0	0	0
2013-05-21	0	0	0	0	0	0
2013-05-22	0	0	0	0	0	0
2013-05-23	0	0	0	0	0	0
2013-05-24	0	0	0	0	0	0
2013-05-25	0	0	0	0	0	0
2013-05-26	0	0	0	0	0	0
2013-05-27	0	0	0	0	0	0
2013-05-28	0	0	0	0	0	0
2013-05-29	0	0	0	0	0	0
2013-05-30	0	0	0	0	0	0
2013-05-31	0	0	0	0	0	0
2013-06-01	0	0	0	0	0	0
2013-06-02	0	0	0	0	0	0
2013-06-03	0	0	0	0	0	0
2013-06-04	0	0	0	0	0	0
2013-06-05	0	0	0	0	0	0
2013-06-06	0	0	0	0	0	0
2013-06-07	0	0	0	0	0	0
2013-06-08	0	0	0	0	0	0
2013-06-09	0	0	0	0	0	0
2013-06-10	0	0	0	0	0	0
2013-06-11	0	0	0	0	0	0
2013-06-12	0	0	0	0	0	0
2013-06-13	0	0	0	0	0	0
2013-06-14	0	0	0	0	0	0
2013-06-15	0	0	0	0	0	0
2013-06-16	0	0	0	0	0	0
2013-06-17	0	0	0	0	0	0
2013-06-18	0	0	0	0	0	0
2013-06-19	0	0	0	0	0	0
2013-06-20	0	0	0	0	0	0
2013-06-21	0	0	0	0	0	0
2013-06-22	0	0	0	0	0	0
2013-06-23	0	0	0	0	0	0
2013-06-24	0	0	0	0	0	0
2013-06-25	0	0	0	0	0	0
2013-06-26	0	0	0	0	0	0
2013-06-27	0	0	0	0	0	0
2013-06-28	0	0	0	0	0	0
2013-06-29	0	0	0	0	0	0
2013-06-30	0	0	0	0	0	0
2013-07-01	0	0	0	0	0	0
2013-07-02	0	0	0	0	0	0
2013-07-03	0	0	0	0	0	0
2013-07-04	0	0	0	0	0	0
2013-07-05	0	0	0	0	0	0
2013-07-06	0	0	0	0	0	0
2013-07-07	0	0	0	0	0	0
2013-07-08	0	0	0	0	0	0
2013-07-09	65	65	65	65	65	65
2013-07-10	13	13	13	13	13	13
2013-07-11	0	0	0	0	0	0
2013-07-12	0	0	0	0	0	0
2013-07-13	0	0	0	0	0	0
2013-07-14	0	0	0	0	0	0
2013-07-15	0	0	0	0	0	0
2013-07-16	0	0	0	0	0	0
2013-07-17	0	0	0	0	0	0
2013-07-18	0	0	0	0	0	0
2013-07-19	0	0	0	0	0	0
2013-07-20	0	0	0	0	0	0
2013-07-21	0	0	0	0	0	0
2013-07-22	0	0	0	0	0	0
2013-07-23	0	0	0	0	0	0
2013-07-24	0	0	0	0	0	0
2013-07-25	0	0	0	0	0	0
2013-07-26	0	0	0	0	0	0
2013-07-27	0	0	0	0	0	0
2013-07-28	0	0	0	0	0	0
2013-07-29	0	0	0	0	0	0
2013-07-30	0	0	0	0	0	0
2013-07-31	0	0	0	0	0	0
2013-08-01	0	0	0	0	0	0
2013-08-02	0	0	0	0	0	0
2013-08-03	0	0	0	0	0	0
2013-08-04	0	0	0	0	0	0
2013-08-05	0	0	0	0	0	0
2013-08-06	0	0	0	0	0	0
2013-08-07	0	0	0	0	0	0
2013-08-08	0	0	0	0	0	0
2013-08-09	0	0	0	0	0	0
2013-08-10	0	0	0	0	0	0
2013-08-11	0	0	0	0	0	0
2013-08-12	0	0	0	0	0	0
2013-08-13	0	0	0	0	0	0
2013-08-14	0	0	0	0	0	0
2013-08-15	0	0	0	0	0	0
2013-08-16	0	0	0	0	0	0
2013-08-17	0	0	0	0	0	0
2013-08-18	0	0	0	0	0	0
2013-08-19	0	0	0	0	0	0
2013-08-20	0	0	0	0	0	0
2013-08-21	0	0	0	0	0	0
2013-08-22	0	0	0	0	0	0
2013-08-23	0	0	0	0	0	0
2013-08-24	0	0	0	0	0	0
2013-08-25	0	0	0	0	0	0
2013-08-26	0	0	0	0	0	0
2013-08-27	0	0	0	0	0	0
2013-08-28	0	0	0	0	0	0
2013-08-29	0	0	0	0	0	0
2013-08-30	0	0	0	0	0	0
2013-08-31	0	0	0	0	0	0
2013-09-01	0	0	0	0	0	0
2013-09-02	0	0	0	0	0	0
2013-09-03	0	0	0	0	0	0
2013-09-04	0	0	0	0	0	0
2013-09-05	0	0	0	0	0	0
2013-09-06	0	0	0	0	0	0
2013-09-07	0	0	0	0	0	0
2013-09-08	0	0	0	0	0	0
2013-09-09	0	0	0	0	0	0
2013-09-10	0	0	0	0	0	0
2013-09-11	0	0	0	0	0	0
2013-09-12	0	0	0	0	0	0
2013-09-13	0	0	0	0	0	0
2013-09-14	0	0	0	0	0	0
2013-09-15	0	0	0	0	0	0
2013-09-16	0	0	0	0	0	0
2013-09-17	0	0	0	0	0	0
2013-09-18	0	0	0	0	0	0
2013-09-19	0	0	0	0	0	0
2013-09-20	0	0	0	0	0	0
2013-09-21	0	0	0	0	0	0
2013-09-22	0	0	0	0	0	0
2013-09-23	0	0	0	0	0	0
2013-09-24	0	0	0	0	0	0
2013-09-25	0	0	0	0	0	0
2013-09-26	0	0	0	0	0	0
2013-09-27	0	0	0	0	0	0
2013-09-28	0	0	0	0	0	0
2013-09-29	0	0	0	0	0	0
2013-09-30	0	0	0	0	0	0
2013-10-01	0	0	0	0	0	0
2013-10-02	0	0	0	0	0	0
2013-10-03	0	0	0	0	0	0
2013-10-04	0	0	0	0	0	0
2013-10-05	0	0	0	0	0	0
2013-10-06	0	0	0	0	0	0
2013-10-07	0	0	0	0	0	0
2013-10-08	0	0	0	0	0	0
2013-10-09	0	0	0	0	0	0
2013-10-10	0	0	0	0	0	0
2013-10-11	0	0	0	0	0	0
2013-10-12	0	0	0	0	0	0
2013-10-13	0	0	0	0	0	0
2013-10-14	0	0	0	0	0	0
2013-10-15	0	0	0	0	0	0
2013-10-16	0	0	0	0	0	0
2013-10-17	0	0	0	0	0	0
2013-10-18	0	0	0	0	0	0
2013-10-19	0	0	0	0	0	0
2013-10-20	0	0	0	0	0	0
2013-10-21	0	0	0	0	0	0
2013-10-22	0	0	0	0	0	0
2013-10-23	0	0	0	0	0	0
2013-10-24	0	0	0	0	0	0
2013-10-25	0	0	0	0	0	0
2013-10-26	0	0	0	0	0	0
2013-10-27	0	0	0	0	0	0
2013-10-28	0	0	0	0	0	0
2013-10-29	0	0	0	0	0	0
2013-10-30	0	0	0	0	0	0
2013-10-31	0	0	0	0	0	0
2013-11-01	0	0	0	0	0	0
2013-11-02	0	0	0	0	0	0
2013-11-03	0	0	0	0	0	0
2013-11-04	0	0	0	0	0	0
2013-11-05	0	0	0	0	0	0
2013-11-06	0	0	0	0	0	0
2013-11-07	0	0	0	0	0	0
2013-11-08	0	0	0	0	0	0
2013-11-09	0	0	0	0	0	0
2013-11-10	0	0	0	0	0	0
2013-11-11	0	0	0	0	0	0
2013-11-12	0	0	0	0	0	0
2013-11-13	0	0	0	0	0	0
2013-11-14	0	0	0	0	0	0
2013-11-15	0	0	0	0	0	0
2013-11-16	0	0	0	0	0	0
2013-11-17	0	0	0	0	0	0
2013-11-18	0	0	0	0	0	0
2013-11-19	0	0	0	0	0	0
2013-11-20	0	0	0	0	0	0
2013-11-21	0	0	0	0	0	0
2013-11-22	0	0	0	0	0	0
2013-11-23	0	0	0	0	0	0
2013-11-24	0	0	0	0	0	0
2013-11-25	0	0	0	0	0	0
2013-11-26	0	0	0	0	0	0
2013-11-27	0	0	0	0	0	0
2013-11-28	0	0	0	0	0	0
2013-11-29	0	0	0	0	0	0
2013-11-30	0	0	0	0	0	0
2013-12-01	0	0	0	0	0	0
2013-12-02	0	0	0	0	0	0
2013-12-03	0	0	0	0	0	0
2013-12-04	92	0	0	0	0	0
2013-12-05	96	0	0	0	0	0
2013-12-06	96	0	0	0	0	0
2013-12-07	96	0	0	0	0	0
2013-12-08	96	0	0	0	0	0
2013-12-09	96	26	0	26	0	0
2013-12-10	96	96	0	96	0	0
2013-12-11	96	96	0	96	0	0
2014-01-01	0	96	96	96	96	96
2014-01-02	0	96	96	96	96	96
2014-01-03	0	96	96	96	96	96
2014-01-04	0	96	96	96	96	96
2014-01-05	0	96	96	96	96	96
2014-01-06	0	96	96	96	96	96
2014-01-07	0	96	96	96	96	96
2014-01-08	0	96	96	96	96	96
2014-01-09	0	96	96	96	96	96
2014-01-10	0	96	96	96	96	96
2014-01-11	0	96	96	96	96	96
2014-01-12	0	96	96	96	96	96
2014-01-13	0	96	96	96	96	96
2014-01-14	0	96	96	96	96	96
2014-01-15	0	96	96	96	96	96
2014-01-16	0	96	96	96	96	96
2014-01-17	0	96	96	96	96	96
2014-01-18	0	96	96	96	96	96
2014-01-19	0	96	96	96	96	96
2014-01-20	0	96	96	96	96	96
2014-01-21	0	96	96	96	96	96
2014-01-22	0	96	96	96	96	96
2014-01-23	0	96	96	96	96	96
2014-01-24	0	96	96	96	96	96
2014-01-25	0	96	96	96	96	96
2014-01-26	0	96	96	96	96	96
2014-01-27	0	96	96	96	96	96
2014-01-28	0	96	96	96	96	96
2014-01-29	0	96	96	96	96	96
2014-01-30	0	96	96	96	96	96
2014-01-31	0	96	96	96	96	96
2014-02-01	0	96	96	96	96	96
2014-02-02	0	96	96	96	96	96
2014-02-03	58	96	96	96	96	96
2014-02-04	25	96	96	96	96	96
2014-02-05	0	96	96	96	96	96
2014-02-06	0	96	96	96	96	96
2014-02-07	0	96	96	96	96	96
2014-02-08	0	96	96	96	96	96
2014-02-09	0	96	96	96	96	96
2014-02-10	0	96	96	96	96	96
2014-02-11	0	96	96	96	96	96
2014-02-12	0	96	96	96	96	96
2014-02-13	0	96	96	96	96	96
2014-02-14	0	96	96	96	96	96
2014-02-15	0	96	96	96	96	96
2014-02-16	0	96	96	96	96	96
2014-02-17	0	96	96	96	96	96
2014-02-18	0	96	96	96	96	96
2014-02-19	0	96	96	96	96	96
2014-02-20	0	96	96	96	96	96
2014-02-21	0	96	96	96	96	96
2014-02-22	0	96	96	96	96	96
2014-02-23	0	96	96	96	96	96
2014-02-24	0	96	96	96	96	96
2014-02-25	0	96	96	96	96	96
2014-02-26	0	96	96	96	96	96
2014-02-27	0	96	96	96	96	96
2014-02-28	0	96	96	96	96	96
2014-03-01	0	96	96	96	96	96
2014-03-02	0	96	96	96	96	96
2014-03-03	0	96	96	96	96	96
2014-03-04	0	96	96	96	96	96
2014-03-05	0	96	96	96	96	96
2014-03-06	0	96	96	96	96	96
2014-03-07	0	96	96	96	96	96
2014-03-08	0	96	96	96	96	96
2014-03-09	0	96	96	96	96	96
2014-03-10	0	96	96	96	96	96
2014-03-11	0	96	96	96	96	96
2014-03-12	0	96	96	96	96	96
2014-03-13	0	96	96	96	96	96
2014-03-14	0	96	96	96	96	96
2014-03-15	0	96	96	96	96	96
2014-03-16	0	96	96	96	96	96
2014-03-17	0	96	96	96	96	96
2014-03-18	0	96	96	96	96	96
2014-03-19	0	96	96	96	96	96
2014-03-20	0	96	96	96	96	96
2014-03-21	0	96	96	96	96	96
2014-03-22	0	96	96	96	96	96
2014-03-23	0	96	96	96	96	96
2014-03-24	0	96	96	96	96	96
2014-03-25	0	96	96	96	96	96
2014-03-26	0	96	96	96	96	96
2014-03-27	0	96	96	96	96	96
2014-03-28	0	96	96	96	96	96
2014-03-29	0	96	96	96	96	96
2014-03-30	0	96	96	96	96	96
2014-03-31	0	96	96	96	96	96
2014-04-01	0	96	96	96	96	96
2014-04-02	0	57	58	96	59	60
2014-04-03	0	0	0	96	0	0
2014-04-04	0	0	0	70	0	0
2014-04-05	0	0	0	0	0	0
2014-04-06	0	0	0	0	0	0
2014-04-07	0	0	0	0	0	0
2014-04-08	0	0	0	0	0	0
2014-04-09	0	0	0	0	0	0
2014-04-10	0	0	0	0	0	0
2014-04-11	0	0	0	0	0	0
2014-04-12	0	0	0	0	0	0
2014-04-13	0	0	0	0	0	0
2014-04-14	0	0	0	0	0	0
2014-04-15	0	0	0	0	0	0
2014-04-16	0	0	0	0	0	0
2014-04-17	0	0	0	0	0	0
2014-04-18	0	0	0	0	0	0
2014-04-19	0	0	0	0	0	0
2014-04-20	0	0	0	0	0	0
2014-04-21	0	0	0	0	0	0
2014-04-22	0	0	0	0	0	0
2014-04-23	0	0	0	0	0	0
2014-04-24	0	0	0	0	0	0
2014-04-25	0	0	0	0	0	0
2014-04-26	0	0	0	0	0	0
2014-04-27	0	0	0	0	0	0
2014-04-28	0	0	0	0	0	0
2014-04-29	0	0	0	0	0	0
2014-04-30	0	0	0	0	0	0
2014-05-01	0	0	0	0	0	0
2014-05-02	0	0	0	0	0	0
2014-05-03	0	0	0	0	0	0
2014-05-04	0	0	0	0	0	0
2014-05-05	0	0	0	0	0	0
2014-05-06	0	0	0	0	0	0
2014-05-07	0	0	0	0	0	0
2014-05-08	0	0	0	0	0	0
2014-05-09	0	0	0	0	0	0
2014-05-10	0	0	0	0	0	0
2014-05-11	0	0	0	0	0	0
2014-05-12	0	0	0	0	0	0
2014-05-13	0	0	0	0	0	0
2014-05-14	0	0	0	0	0	0
2014-05-15	0	0	0	0	0	0
2014-05-16	0	0	0	0	0	0
2014-05-17	0	0	0	0	0	0
2014-05-18	0	0	0	0	0	0
2014-05-19	0	0	0	0	0	0
2014-05-20	0	0	0	0	0	0
2014-05-21	0	0	0	0	0	0
2014-05-22	0	0	0	0	0	0
2014-05-23	0	0	0	0	0	0
2014-05-24	0	0	0	0	0	0
2014-05-25	0	0	0	0	0	0
2014-05-26	0	0	0	0	0	0
2014-05-27	0	0	0	0	0	0
2014-05-28	0	0	0	0	0	0
2014-05-29	0	0	0	0	0	0
2014-05-30	0	0	0	0	0	0
2014-05-31	0	0	0	0	0	0
2014-06-01	0	0	0	0	0	0
2014-06-02	0	0	0	0	0	0
2014-06-03	0	0	0	0	0	0
2014-06-04	0	0	0	0	0	0
2014-06-05	0	0	0	0	0	0
2014-06-06	0	0	0	0	0	0
2014-06-07	0	0	0	0	0	0
2014-06-08	0	0	0	0	0	0
2014-06-09	0	0	0	0	0	0
2014-06-10	0	0	0	0	0	0
2014-06-11	0	0	0	0	0	0
2014-06-12	0	0	0	0	0	0
2014-06-13	0	0	0	0	0	0
2014-06-14	0	0	0	0	0	0
2014-06-15	0	0	0	0	0	0
2014-06-16	0	0	0	0	0	0
2014-06-17	0	0	0	0	0	0
2014-06-18	0	0	0	0	0	0
2014-06-19	0	0	0	0	0	0
2014-06-20	0	0	0	0	0	0
2014-06-21	0	0	0	0	0	0
2014-06-22	0	0	0	0	0	0
2014-06-23	0	0	0	0	0	0
2014-06-24	0	0	0	0	0	0
2014-06-25	0	0	0	0	0	0
2014-06-26	0	0	0	0	0	0
2014-06-27	0	0	0	0	0	0
2014-06-28	0	0	0	0	0	0
2014-06-29	0	0	0	0	0	0
2014-06-30	0	0	0	0	0	0
2014-07-01	0	0	0	0	0	0
2014-07-02	0	0	0	0	0	0
2014-07-03	0	0	0	0	0	0
2014-07-04	0	0	0	0	0	0
2014-07-05	0	0	0	0	0	0
2014-07-06	0	0	0	0	0	0
2014-07-07	0	0	0	0	0	0
2014-07-08	0	0	0	0	0	0
2014-07-09	0	0	0	0	0	0
2014-07-10	0	0	0	0	0	0
2014-07-11	0	0	0	0	0	0
2014-07-12	0	0	0	0	0	0
2014-07-13	0	0	0	0	0	0
2014-07-14	0	0	0	0	0	0
2014-07-15	0	0	0	0	0	0
2014-07-16	0	0	0	0	0	0
2014-07-17	0	0	0	0	0	0
2014-07-18	0	0	0	0	0	0
2014-07-19	0	0	0	0	0	0
2014-07-20	0	0	0	0	0	0
2014-07-21	0	0	0	0	0	0
2014-07-22	0	0	0	0	0	0
2014-07-23	0	0	0	0	0	0
2014-07-24	0	0	0	0	0	0
2014-07-25	0	0	0	0	0	0
2014-07-26	0	0	0	0	0	0
2014-07-27	0	0	0	0	0	0
2014-07-28	0	0	0	0	0	0
2014-07-29	0	0	0	0	0	0
2014-07-30	0	0	0	0	0	0
2014-07-31	0	0	0	0	0	0
2014-08-01	0	0	0	0	0	0
2014-08-02	0	0	0	0	0	0
2014-08-03	0	0	0	0	0	0
2014-08-04	0	0	0	0	0	0
2014-08-05	0	0	0	0	0	0
2014-08-06	0	0	0	0	0	0
2014-08-07	0	0	0	0	0	0
2014-08-08	0	0	0	0	0	0
2014-08-09	0	0	0	0	0	0
2014-08-10	0	0	0	0	0	0
2014-08-11	0	0	0	0	0	0
2014-08-12	0	0	0	0	0	0
2014-08-13	0	0	0	0	0	0
2014-08-14	0	0	0	0	0	0
2014-08-15	0	0	0	0	0	0
2014-08-16	0	0	0	0	0	0
2014-08-17	0	0	0	0	0	0
2014-08-18	0	0	0	0	0	0
2014-08-19	0	0	0	0	0	0
2014-08-20	0	0	0	0	0	0
2014-08-21	0	0	0	0	0	0
2014-08-22	0	0	0	0	0	0
2014-08-23	0	0	0	0	0	0
2014-08-24	0	0	0	0	0	0
2014-08-25	0	0	0	0	0	0
2014-08-26	0	0	0	0	0	0
2014-08-27	0	0	0	0	0	0
2014-08-28	0	0	0	0	0	0
2014-08-29	0	0	0	0	0	0
2014-08-30	0	0	0	0	0	0
2014-08-31	0	0	0	0	0	0
2014-09-01	0	0	0	0	0	0
2014-09-02	0	0	0	0	0	0
2014-09-03	0	0	0	0	0	0
2014-09-04	0	0	0	0	0	0
2014-09-05	0	0	0	0	0	0
2014-09-06	0	0	0	0	0	0
2014-09-07	0	0	0	0	0	0
2014-09-08	0	0	0	0	0	0
2014-09-09	0	0	0	0	0	0
2014-09-10	0	0	0	0	0	0
2014-09-11	0	0	0	0	0	0
2014-09-12	0	0	0	0	0	0
2014-09-13	0	0	0	0	0	0
2014-09-14	0	0	0	0	0	0
2014-09-15	0	0	0	0	0	0
2014-09-16	0	0	0	0	0	0
2014-09-17	0	0	0	0	0	0
2014-09-18	0	0	0	0	0	0
2014-09-19	0	0	0	0	0	0
2014-09-20	0	0	0	0	0	0
2014-09-21	0	0	0	0	0	0
2014-09-22	0	0	0	0	0	0
2014-09-23	0	0	0	0	0	0
2014-09-24	0	0	0	0	0	0
2014-09-25	0	0	0	0	0	0
2014-09-26	0	0	0	0	0	0
2014-09-27	0	0	0	0	0	0
2014-09-28	0	0	0	0	0	0
2014-09-29	0	0	0	0	0	0
2014-09-30	0	0	0	0	0	0
2014-10-01	0	0	0	0	0	0
2014-10-02	0	0	0	0	0	0
2014-10-03	0	0	0	0	0	0
2014-10-04	0	0	0	0	0	0
2014-10-05	0	0	0	0	0	0
2014-10-06	0	0	0	0	0	0
2014-10-07	0	0	0	0	0	0
2014-10-08	0	0	0	0	0	0
2014-10-09	0	0	0	0	0	0
2014-10-10	0	0	0	0	0	0
2014-10-11	0	0	0	0	0	0
2014-10-12	0	0	0	0	0	0
2014-10-13	0	0	0	0	0	0
2014-10-14	0	0	0	0	0	0
2014-10-15	0	0	0	0	0	0
2014-10-16	0	0	0	0	0	0
2014-10-17	0	0	0	0	0	0
2014-10-18	0	0	0	0	0	0
2014-10-19	0	0	0	0	0	0
2014-10-20	0	0	0	0	0	0
2014-10-21	0	0	0	0	0	0
2014-10-22	0	0	0	0	0	0
2014-10-23	0	0	0	0	0	0
2014-10-24	0	0	0	0	0	0
2014-10-25	0	0	0	0	0	0
2014-10-26	0	0	0	0	0	0
2014-10-27	0	0	0	0	0	0
2014-10-28	0	0	0	0	0	0
2014-10-29	0	0	0	0	0	0
2014-10-30	0	0	0	0	0	0
2014-10-31	0	0	0	0	0	0
2014-11-01	0	0	0	0	0	0
2014-11-02	48	0	48	48	48	48
2014-11-03	48	0	48	48	48	48
2014-11-04	0	0	0	0	0	0
2014-11-05	0	0	0	0	0	0
2014-11-06	0	0	0	0	0	0
2014-11-07	0	0	0	0	0	0
2014-11-08	0	0	0	0	0	0
2014-11-09	0	0	0	0	0	0
2014-11-10	0	0	0	0	0	0
2014-11-11	11	11	11	11	11	11
2015-03-12	40	3	3	3	40	40
2015-03-13	96	0	0	0	96	96
2015-03-14	96	0	0	0	96	96
2015-03-15	96	0	0	0	96	96
2015-03-16	38	0	0	0	96	96
2015-03-17	0	0	0	0	49	96
2015-03-18	0	0	0	0	0	96
2015-03-19	0	0	0	0	0	96
2015-03-20	0	0	0	0	0	96
2015-03-21	0	0	0	0	0	96
2015-03-22	0	0	0	0	0	96
2015-03-23	0	0	0	0	0	96
2015-03-24	0	0	0	0	0	96
2015-03-25	0	0	0	0	0	96
2015-03-26	0	0	0	0	0	96
2015-03-27	0	0	0	0	0	96
2015-03-28	0	0	0	0	0	96
2015-03-29	0	0	0	0	0	96
2015-03-30	0	0	0	0	0	96
2015-03-31	0	0	0	0	0	96
2015-04-01	0	0	0	0	0	96
2015-04-02	0	0	0	0	0	96
2015-04-03	0	0	0	0	0	96
2015-04-04	0	0	0	0	0	96
2015-04-05	0	0	0	0	0	96
2015-04-06	0	0	0	0	0	96
2015-04-07	0	0	0	0	0	96
2015-04-08	9	9	9	9	9	96
2015-04-09	0	0	0	0	0	96
2015-04-10	0	0	0	0	0	96
2015-04-11	0	0	0	0	0	96
2015-04-12	0	0	0	0	0	96
2015-04-13	0	0	0	0	0	96
2015-04-14	0	0	0	0	0	96
2015-04-15	0	0	0	0	0	96
2015-04-16	0	0	0	0	0	96
2015-04-17	0	0	0	0	0	96
2015-04-18	0	0	0	0	0	96
2015-04-19	0	0	0	0	0	96
2015-04-20	0	0	0	0	0	96
2015-04-21	0	0	0	0	0	58
2015-04-22	0	0	0	0	0	0
2015-04-23	0	0	0	0	0	0
2015-04-24	0	0	0	0	0	0
2015-04-25	0	0	0	52	67	62
2015-04-26	0	0	0	96	96	96
2015-04-27	0	0	0	96	96	96
2015-04-28	0	0	0	96	96	96
2015-04-29	0	0	0	96	96	96
2015-04-30	0	0	0	96	96	96
2015-05-01	0	0	0	96	96	96
2015-05-02	0	0	0	96	96	96
2015-05-03	0	0	0	96	96	96
2015-05-04	18	18	18	96	96	96
2015-05-05	32	32	32	96	96	96
2015-05-06	8	8	8	43	43	44
2015-05-07	0	0	0	0	0	0
2015-05-08	0	0	0	0	0	0
2015-05-09	0	0	0	0	0	0
2015-05-10	0	0	0	0	0	0
2015-05-11	0	0	0	0	0	0
2015-05-12	0	0	0	0	0	0
2015-05-13	0	0	0	0	0	0
2015-05-14	0	0	0	0	0	0
2015-05-15	0	0	0	0	0	0
2015-05-16	0	0	0	0	0	0
2015-05-17	0	0	0	0	0	0
2015-05-18	0	0	0	0	0	0
2015-05-19	0	0	0	0	0	0
2015-05-20	0	0	0	0	0	0
2015-05-21	0	0	0	0	0	0
2015-05-22	0	0	0	0	0	0
2015-05-23	0	0	0	0	0	0
2015-05-24	0	0	0	0	0	0
2015-05-25	0	0	0	0	0	0
2015-05-26	0	0	0	0	0	0
2015-05-27	0	0	0	0	0	0
2015-05-28	0	0	0	0	0	0
2015-05-29	0	0	0	0	0	0
2015-05-30	0	0	0	0	0	0
2015-05-31	0	0	0	0	0	0
2015-06-01	0	0	0	0	0	0
2015-06-02	0	0	0	0	0	0
2015-06-03	0	0	0	0	0	0
2015-06-04	0	0	0	0	0	0
2015-06-05	0	0	0	0	0	0
2015-06-06	0	0	0	0	0	0
2015-06-07	0	0	0	0	0	0
2015-06-08	0	0	0	0	0	0
2015-06-09	0	0	0	0	0	0
2015-06-10	0	0	0	0	0	0
2015-06-11	0	0	0	0	0	0
2015-06-12	0	0	0	0	0	0
2015-06-13	0	0	0	0	0	0
2015-06-14	0	0	0	0	0	0
2015-06-15	0	0	0	0	0	0
2015-06-16	0	0	0	0	0	0
2015-06-17	0	0	0	0	0	0
2015-06-18	0	0	0	0	0	0
2015-06-19	0	0	0	0	0	0
2015-06-20	0	0	0	0	0	0
2015-06-21	0	0	0	0	0	0
2015-06-22	0	0	0	0	0	0
2015-06-23	0	0	0	0	0	0
2015-06-24	0	0	0	0	0	0
2015-06-25	0	0	0	0	0	0
2015-06-26	0	0	0	0	0	0
2015-06-27	0	0	0	0	0	0
2015-06-28	0	0	0	0	0	0
2015-06-29	0	0	0	0	0	0
2015-06-30	0	0	0	0	0	0
2015-07-01	0	0	0	0	0	0
2015-07-02	0	0	0	0	0	0
2015-07-03	0	0	0	0	0	0
2015-07-04	0	0	0	0	0	0
2015-07-05	0	0	0	0	0	0
2015-07-06	0	0	0	0	0	0
2015-07-07	0	0	0	0	0	0
2015-07-08	0	0	0	0	0	0
2015-07-09	0	0	0	0	0	0
2015-07-10	0	0	0	0	0	0
2015-07-11	0	0	0	0	0	0
2015-07-12	0	0	0	0	0	0
2015-07-13	0	0	0	0	0	0
2015-07-14	0	0	0	0	0	0
2015-07-15	0	0	0	0	0	0
2015-07-16	0	0	0	0	0	0
2015-07-17	0	0	0	0	0	0
2015-07-18	0	0	0	0	0	0
2015-07-19	0	0	0	0	0	0
2015-07-20	0	0	0	0	0	0
2015-07-21	0	0	0	0	0	0
2015-07-22	0	0	0	0	0	0
2015-07-23	0	0	0	0	0	0
2015-07-24	0	0	0	0	0	0
2015-07-25	0	0	0	0	0	0
2015-07-26	0	0	0	0	0	0
2015-07-27	0	0	0	0	0	0
2015-07-28	0	0	0	0	0	0
2015-07-29	0	0	0	0	0	0
2015-07-30	0	0	0	0	0	0
2015-07-31	0	0	0	0	0	0
2015-08-01	0	0	0	0	0	0
2015-08-02	0	0	0	0	0	0
2015-08-03	0	0	0	0	0	0
2015-08-04	0	0	0	0	0	0
2015-08-05	0	0	0	0	0	0
2015-08-06	0	0	0	0	0	0
2015-08-07	0	0	0	0	0	0
2015-08-08	0	0	0	0	0	0
2015-08-09	0	0	0	0	0	0
2015-08-10	0	0	0	0	0	0
2015-08-11	0	0	0	0	0	0
2015-08-12	0	0	0	0	0	0
2015-08-13	0	0	0	0	0	0
2015-08-14	0	0	0	0	0	0
2015-08-15	0	0	0	0	0	0
2015-08-16	0	0	0	0	0	0
2015-08-17	0	0	0	0	0	0
2015-08-18	0	0	0	0	0	0
2015-08-19	0	0	0	0	0	0
2015-08-20	0	0	0	0	0	0
2015-08-21	0	0	0	0	0	0
2015-08-22	0	0	0	0	0	0
2015-08-23	0	0	0	0	0	0
2015-08-24	0	0	0	0	0	0
2015-08-25	0	0	0	0	0	0
2015-08-26	0	0	0	0	0	0
2015-08-27	0	0	0	0	0	0
2015-08-28	0	0	0	0	0	0
2015-08-29	0	0	0	0	0	0
2015-08-30	0	0	0	0	0	0
2015-08-31	0	0	0	0	0	0
2015-09-01	0	0	0	0	0	0
2015-09-02	0	0	0	0	0	0
2015-09-03	0	0	0	0	0	0
2015-09-04	0	0	0	0	0	0
2015-09-05	0	0	0	0	0	0
2015-09-06	0	0	0	0	0	0
2015-09-07	0	0	0	0	0	0
2015-09-08	0	0	0	0	0	0
2015-09-09	0	0	0	0	0	0
2015-09-10	0	0	0	0	0	0
2015-09-11	0	0	0	0	0	0
2015-09-12	0	0	0	0	0	0
2015-09-13	0	0	0	0	0	0
2015-09-14	0	0	0	0	0	0
2015-09-15	0	0	0	0	0	0
2015-09-16	0	0	0	0	0	0
2015-09-17	0	0	0	0	0	0
2015-09-18	0	0	0	0	0	0
2015-09-19	0	0	0	0	0	0
2015-09-20	0	0	0	0	0	0
2015-09-21	0	0	0	0	0	0
2015-09-22	0	0	0	0	0	0
2015-09-23	0	0	0	0	0	0
2015-09-24	0	0	0	0	0	0
2015-09-25	0	0	0	0	0	0
2015-09-26	0	0	0	0	0	0
2015-09-27	0	0	0	0	0	0
2015-09-28	0	0	0	0	0	0
2015-09-29	0	0	0	0	0	0
2015-09-30	0	0	0	0	0	0
2015-10-01	0	0	0	0	0	0
2015-10-02	0	0	0	0	0	0
2015-10-03	0	0	0	0	0	0
2015-10-04	0	0	0	0	0	0
2015-10-05	0	0	0	0	0	0
2015-10-06	0	0	0	0	0	0
2015-10-07	0	0	0	0	0	0
2015-10-08	0	0	0	0	0	0
2015-10-09	0	0	0	0	0	0
2015-10-10	0	0	0	0	0	0
2015-10-11	0	0	0	0	0	0
2015-10-12	0	0	0	0	0	0
2015-10-13	0	0	0	0	0	0
2015-10-14	0	0	0	0	0	0
2015-10-15	0	0	0	0	0	0
2015-10-16	0	0	0	0	0	0
2015-10-17	0	0	0	0	0	0
2015-10-18	0	0	0	0	0	0
2015-10-19	0	0	0	0	0	0
2015-10-20	0	0	0	0	0	0
2015-10-21	0	0	0	0	0	0
2015-10-22	0	0	0	0	0	0
2015-10-23	0	0	0	0	0	0
2015-10-24	0	0	0	0	0	0
2015-10-25	0	0	0	0	0	0
2015-10-26	0	0	0	0	0	0
2015-10-27	0	0	0	0	0	0
2015-10-28	0	0	0	0	0	0
2015-10-29	0	0	0	0	0	0
2015-10-30	0	0	0	0	0	0
2015-10-31	0	0	0	0	0	0
2015-11-01	0	0	0	0	0	0
2015-11-02	0	0	0	0	0	0
2015-11-03	0	0	0	0	0	0
2015-11-04	0	0	0	0	0	0
2015-11-05	0	0	0	0	0	0
2015-11-06	0	0	0	0	0	0
2015-11-07	0	0	0	0	0	0
2015-11-08	0	0	0	0	0	0
2015-11-09	0	0	0	0	0	0
2015-11-10	0	0	0	0	0	0
2015-11-11	0	0	0	0	0	0
2015-11-12	0	0	0	0	0	0
2015-11-13	0	0	0	0	0	0
2015-11-14	0	0	0	0	0	0
2015-11-15	0	0	0	0	0	0
2015-11-16	0	0	0	0	0	0
2015-11-17	0	0	0	0	0	0
2015-11-18	0	0	0	0	0	0
2015-11-19	0	0	0	58	0	58
2015-11-20	0	0	0	96	0	96
2015-11-21	0	0	0	96	0	96
2015-11-22	0	0	0	96	0	96
2015-11-23	0	0	0	96	0	96
2015-11-24	0	0	0	96	0	96
2015-11-25	0	0	0	96	0	96
2015-11-26	0	0	0	96	0	96
2015-11-27	0	0	0	96	0	96
2015-11-28	0	0	0	96	0	96
2015-11-29	0	0	0	96	0	96
2015-11-30	0	0	0	96	0	96
2015-12-01	0	0	0	96	0	96
2015-12-02	0	0	0	96	0	96
2015-12-03	0	0	0	96	0	96
2015-12-04	0	0	0	96	0	96
2015-12-05	0	0	0	96	0	96
2015-12-06	0	0	0	96	0	96
2015-12-07	0	0	0	96	0	96
2015-12-08	0	0	0	96	0	96
2015-12-09	0	0	0	96	0	96
2015-12-10	0	0	0	96	0	96
2015-12-11	0	0	0	96	0	96
2015-12-12	0	0	0	96	0	96
2015-12-13	0	0	0	96	0	96
2015-12-14	0	0	0	96	0	96
2015-12-15	0	0	0	96	0	96
2015-12-16	0	0	0	96	0	96
2015-12-17	0	0	0	96	0	96
2015-12-18	0	0	0	96	0	96
2015-12-19	0	0	0	96	0	96
2015-12-20	0	0	0	96	0	96
2015-12-21	0	0	0	96	0	96
2015-12-22	0	0	0	96	0	96
2015-12-23	0	0	0	96	0	96
2015-12-24	0	0	0	96	0	96
2015-12-25	0	0	0	96	0	96
2015-12-26	0	0	0	96	0	96
2015-12-27	0	0	0	96	0	96
2015-12-28	0	0	0	96	0	96
2015-12-29	0	0	0	96	0	96
2015-12-30	39	0	0	96	0	96
2015-12-31	96	0	0	96	0	96
