"Date"	"S1"	"S2"	"S3"	"S4"	"S5"	"S6"
2007-05-01	12.5	8.3	6.2	18.8	27.1	16.7
2007-05-02	10.4	10.4	8.3	12.5	16.7	27.1
2007-05-03	22.9	8.3	12.5	18.8	16.7	27.1
2007-05-04	12.5	16.7	2.1	8.3	12.5	12.5
2007-05-05	4.2	14.6	6.2	4.2	8.3	2.1
2007-05-06	2.1	4.2	4.2	0	12.5	4.2
2007-05-07	0	10.4	0	2.1	4.2	6.2
2007-05-08	8.3	2.1	4.2	8.3	10.4	10.4
2007-05-09	10.4	8.3	6.2	12.5	4.2	8.3
2007-05-10	10.4	10.4	12.5	16.7	16.7	20.8
2007-05-11	12.5	12.5	10.4	12.5	12.5	20.8
2007-05-12	14.6	4.2	6.2	8.3	8.3	20.8
2007-05-13	20.8	4.2	8.3	29.2	14.6	22.9
2007-05-14	31.2	8.3	12.5	4.2	18.8	8.3
2007-05-15	25	8.3	20.8	18.8	10.4	14.6
2007-05-16	12.5	6.2	20.8	14.6	18.8	8.3
2007-05-17	12.5	20.8	12.5	27.1	8.3	4.2
2007-05-18	20.8	20.8	20.8	12.5	18.8	14.6
2007-05-19	33.3	14.6	8.3	16.7	12.5	18.8
2007-05-20	18.8	22.9	12.5	22.9	8.3	14.6
2007-05-21	18.8	12.5	18.8	8.3	22.9	20.8
2007-05-22	27.1	14.6	41.7	20.8	25	14.6
2007-05-23	10.4	10.4	8.3	16.7	16.7	10.4
2007-05-24	31.2	8.3	14.6	8.3	18.8	27.1
2007-05-25	33.3	10.4	39.6	20.8	14.6	27.1
2007-05-26	45.8	8.3	18.8	8.3	12.5	22.9
2007-05-27	0	6.2	0	2.1	0	0
2007-05-28	8.3	16.7	10.4	4.2	4.2	8.3
2007-05-29	8.3	22.9	12.5	6.2	12.5	25
2007-05-30	10.4	27.1	22.9	8.3	16.7	41.7
2007-05-31	4.2	0	2.1	0	4.2	4.2
2007-06-01	4.2	4.2	10.4	6.2	2.1	0
2007-06-02	0	2.1	6.2	0	2.1	0
2007-06-03	0	0	0	0	0	0
2007-06-04	0	14.6	14.6	4.2	6.2	0
2007-06-05	4.2	18.8	25	8.3	12.5	6.2
2007-06-06	4.2	25	20.8	29.2	18.8	16.7
2007-06-07	0	12.5	20.8	31.2	14.6	39.6
2007-06-08	31.2	20.8	31.2	27.1	10.4	12.5
2007-06-09	6.2	14.6	27.1	18.8	12.5	10.4
2007-06-10	6.2	14.6	41.7	18.8	16.7	10.4
2007-06-11	14.6	14.6	25	22.9	12.5	35.4
2007-06-12	18.8	14.6	16.7	27.1	18.8	25
2007-06-13	20.8	16.7	10.4	22.9	6.2	20.8
2007-06-14	16.7	18.8	33.3	10.4	18.8	6.2
2007-06-15	10.4	22.9	37.5	25	14.6	6.2
2007-06-16	14.6	20.8	18.8	22.9	10.4	14.6
2007-06-17	14.6	20.8	12.5	27.1	29.2	12.5
2007-06-18	4.2	10.4	6.2	29.2	18.8	10.4
2007-06-19	14.6	29.2	25	22.9	12.5	10.4
2007-06-20	20.8	12.5	14.6	39.6	8.3	10.4
2007-06-21	10.4	6.2	10.4	14.6	12.5	2.1
2007-06-22	0	0	8.3	12.5	0	0
2007-06-23	0	0	0	0	0	0
2007-06-24	2.1	0	4.2	6.2	0	0
2007-06-25	0	6.2	6.2	4.2	0	0
2007-06-26	6.2	8.3	6.2	4.2	12.5	0
2007-06-27	2.1	2.1	10.4	10.4	6.2	0
2007-06-28	18.8	4.2	8.3	35.4	2.1	4.2
2007-06-29	8.3	4.2	0	18.8	12.5	8.3
2007-06-30	10.4	6.2	2.1	20.8	12.5	0
2007-07-01	6.2	0	0	16.7	8.3	0
2007-07-02	0	0	4.2	16.7	4.2	0
2007-07-03	2.1	0	4.2	22.9	4.2	4.2
2007-07-04	4.2	6.2	4.2	2.1	4.2	6.2
2007-07-05	6.2	2.1	0	8.3	4.2	2.1
2007-07-06	4.2	8.3	6.2	14.6	8.3	0
2007-07-07	0	4.2	0	16.7	2.1	2.1
2007-07-08	4.2	4.2	0	14.6	2.1	0
2007-07-09	2.1	0	4.2	8.3	0	4.2
2007-07-10	2.1	6.2	6.2	10.4	6.2	2.1
2007-07-11	6.2	2.1	0	22.9	0	0
2007-07-12	2.1	4.2	0	12.5	0	2.1
2007-07-13	0	2.1	2.1	12.5	4.2	0
2007-07-14	4.2	2.1	0	10.4	8.3	2.1
2007-07-15	2.1	2.1	0	16.7	6.2	0
2007-07-16	4.2	0	6.2	10.4	0	4.2
2007-07-17	10.4	2.1	8.3	18.8	10.4	20.8
2007-07-18	2.1	4.2	10.4	16.7	4.2	2.1
2007-07-19	0	0	0	25	0	2.1
2007-07-20	0	4.2	0	20.8	0	0
2007-07-21	4.2	0	2.1	25	2.1	2.1
2007-07-22	6.2	12.5	6.2	14.6	2.1	6.2
2007-07-23	8.3	8.3	12.5	2.1	2.1	6.2
2007-07-24	8.3	2.1	2.1	8.3	0	0
2007-07-25	2.1	2.1	2.1	6.2	0	0
2007-07-26	4.2	2.1	2.1	10.4	0	75
2007-07-27	47.9	6.2	0	20.8	2.1	97.9
2007-07-28	97.9	0	8.3	22.9	4.2	97.9
2007-07-29	97.9	22.9	10.4	16.7	0	97.9
2007-07-30	97.9	97.9	0	8.3	2.1	97.9
2007-07-31	97.9	97.9	43.8	6.2	2.1	97.9
2007-08-01	97.9	97.9	97.9	2.1	0	97.9
2007-08-02	97.9	97.9	97.9	8.3	2.1	97.9
2007-08-03	97.9	97.9	97.9	4.2	0	97.9
2007-08-04	97.9	97.9	97.9	25	14.6	97.9
2007-08-05	97.9	97.9	97.9	0	2.1	97.9
2007-08-06	97.9	97.9	97.9	6.2	10.4	97.9
2007-08-07	97.9	97.9	97.9	4.2	8.3	97.9
2007-08-08	97.9	97.9	97.9	2.1	4.2	97.9
2007-08-09	97.9	97.9	97.9	0	16.7	97.9
2007-08-10	50	56.2	54.2	4.2	56.2	66.7
2007-08-11	4.2	4.2	14.6	6.2	8.3	16.7
2007-08-12	18.8	22.9	20.8	8.3	10.4	22.9
2007-08-13	22.9	16.7	14.6	20.8	14.6	29.2
2007-08-14	35.4	12.5	8.3	12.5	10.4	10.4
2007-08-15	29.2	33.3	4.2	29.2	2.1	10.4
2007-08-16	6.2	25	35.4	33.3	10.4	27.1
2007-08-17	27.1	16.7	16.7	14.6	4.2	10.4
2007-08-18	22.9	22.9	10.4	33.3	16.7	25
2007-08-19	27.1	10.4	20.8	29.2	12.5	12.5
2007-08-20	4.2	18.8	2.1	8.3	8.3	35.4
2007-08-21	0	6.2	29.2	25	4.2	2.1
2007-08-22	14.6	14.6	20.8	29.2	8.3	8.3
2007-08-23	2.1	6.2	20.8	18.8	8.3	25
2007-08-24	0	0	2.1	4.2	0	8.3
2007-08-25	0	6.2	12.5	6.2	0	4.2
2007-08-26	2.1	14.6	31.2	2.1	10.4	16.7
2007-08-27	10.4	22.9	37.5	12.5	12.5	20.8
2007-08-28	33.3	25	54.2	18.8	14.6	22.9
2007-08-29	20.8	22.9	47.9	22.9	12.5	14.6
2007-08-30	22.9	31.2	27.1	12.5	20.8	41.7
2007-08-31	27.1	16.7	22.9	14.6	10.4	16.7
2007-09-01	20.8	18.8	33.3	39.6	6.2	22.9
2007-09-02	18.8	33.3	18.8	27.1	8.3	22.9
2007-09-03	25	16.7	41.7	20.8	14.6	10.4
2007-09-04	27.1	8.3	29.2	27.1	12.5	12.5
2007-09-05	27.1	18.8	8.3	16.7	4.2	18.8
2007-09-06	29.2	31.2	14.6	10.4	10.4	22.9
2007-09-07	25	10.4	45.8	14.6	2.1	22.9
2007-09-08	31.2	25	22.9	25	0	6.2
2007-09-09	22.9	22.9	39.6	4.2	0	22.9
2007-09-10	25	22.9	14.6	27.1	4.2	27.1
2007-09-11	16.7	22.9	20.8	22.9	10.4	14.6
2007-09-12	29.2	25	18.8	22.9	20.8	25
2007-09-13	16.7	14.6	20.8	25	8.3	14.6
2007-09-14	20.8	16.7	29.2	14.6	14.6	16.7
2007-09-15	27.1	29.2	18.8	20.8	22.9	8.3
2007-09-16	8.3	29.2	35.4	50	16.7	10.4
2007-09-17	37.5	10.4	18.8	14.6	14.6	12.5
2007-09-18	14.6	12.5	6.2	18.8	0	16.7
2007-09-19	22.9	14.6	39.6	29.2	0	14.6
2007-09-20	27.1	27.1	16.7	16.7	6.2	20.8
2007-09-21	18.8	14.6	8.3	25	27.1	29.2
2007-09-22	10.4	29.2	12.5	14.6	14.6	14.6
2007-09-23	27.1	18.8	33.3	18.8	18.8	33.3
2007-09-24	27.1	16.7	16.7	29.2	18.8	14.6
2007-09-25	14.6	8.3	29.2	8.3	45.8	10.4
2007-09-26	22.9	22.9	31.2	18.8	20.8	22.9
2007-09-27	22.9	20.8	8.3	25	8.3	25
2007-09-28	25	10.4	31.2	20.8	12.5	10.4
2007-09-29	12.5	20.8	20.8	18.8	16.7	18.8
2007-09-30	25	16.7	12.5	14.6	22.9	18.8
2007-10-01	20.8	10.4	29.2	25	2.1	20.8
2007-10-02	33.3	20.8	16.7	12.5	2.1	22.9
2007-10-03	14.6	18.8	14.6	20.8	6.2	20.8
2007-10-04	33.3	18.8	20.8	8.3	14.6	22.9
2007-10-05	33.3	29.2	8.3	10.4	6.2	35.4
2007-10-06	47.9	39.6	14.6	45.8	29.2	12.5
2007-10-07	27.1	31.2	12.5	39.6	27.1	45.8
2007-10-08	35.4	47.9	35.4	33.3	33.3	27.1
2007-10-09	50	43.8	33.3	25	22.9	29.2
2007-10-10	41.7	45.8	41.7	29.2	18.8	47.9
2007-10-11	35.4	35.4	45.8	27.1	27.1	52.1
2007-10-12	37.5	35.4	27.1	56.2	25	47.9
2007-10-13	41.7	33.3	62.5	43.8	27.1	60.4
2007-10-14	43.8	29.2	37.5	27.1	22.9	64.6
2007-10-15	45.8	31.2	33.3	52.1	35.4	47.9
2007-10-16	50	50	58.3	14.6	43.8	41.7
2007-10-17	39.6	29.2	35.4	33.3	18.8	64.6
2007-10-18	0	0	0	0	0	0
2007-10-19	6.2	6.2	2.1	8.3	6.2	0
2007-10-20	16.7	8.3	37.5	37.5	16.7	12.5
2007-10-21	14.6	10.4	33.3	27.1	22.9	52.1
2007-10-22	54.2	45.8	68.8	31.2	35.4	56.2
2007-10-23	39.6	41.7	39.6	39.6	14.6	18.8
2007-10-24	39.6	41.7	37.5	25	12.5	29.2
2007-10-25	41.7	35.4	50	45.8	20.8	25
2007-10-26	41.7	37.5	39.6	37.5	31.2	27.1
2007-10-27	41.7	41.7	47.9	41.7	31.2	27.1
2007-10-28	37.5	35.4	31.2	43.8	20.8	35.4
2007-10-29	18.8	37.5	41.7	33.3	29.2	25
2007-10-30	25	31.2	45.8	29.2	35.4	43.8
2007-10-31	64.6	41.7	56.2	35.4	29.2	18.8
2007-11-01	27.1	31.2	45.8	35.4	18.8	29.2
2007-11-02	39.6	54.2	41.7	33.3	20.8	18.8
2007-11-03	54.2	35.4	35.4	35.4	29.2	25
2007-11-04	43.8	35.4	27.1	27.1	10.4	27.1
2007-11-05	39.6	37.5	45.8	27.1	14.6	37.5
2007-11-06	31.2	31.2	37.5	31.2	10.4	29.2
2007-11-07	45.8	33.3	47.9	37.5	8.3	20.8
2007-11-08	45.8	37.5	20.8	33.3	10.4	31.2
2007-11-09	33.3	33.3	37.5	35.4	12.5	37.5
2007-11-10	43.8	35.4	37.5	27.1	16.7	54.2
2007-11-11	41.7	43.8	68.8	50	39.6	70.8
2007-11-12	52.1	39.6	43.8	22.9	14.6	31.2
2007-11-13	29.2	37.5	37.5	14.6	22.9	22.9
2007-11-14	56.2	29.2	33.3	43.8	14.6	33.3
2007-11-15	37.5	37.5	29.2	35.4	25	39.6
2007-11-16	41.7	37.5	25	43.8	43.8	45.8
2007-11-17	25	37.5	37.5	41.7	29.2	43.8
2007-11-18	62.5	39.6	29.2	43.8	47.9	31.2
2007-11-19	37.5	31.2	43.8	41.7	20.8	31.2
2007-11-20	37.5	39.6	52.1	27.1	25	64.6
2007-11-21	41.7	45.8	66.7	47.9	31.2	43.8
2007-11-22	25	41.7	68.8	25	39.6	31.2
2007-11-23	22.9	33.3	58.3	33.3	27.1	25
2007-11-24	56.2	33.3	27.1	25	35.4	37.5
2007-11-25	41.7	35.4	39.6	22.9	12.5	43.8
2007-11-26	35.4	35.4	56.2	31.2	0	20.8
2007-11-27	14.6	41.7	35.4	41.7	0	33.3
2007-11-28	37.5	35.4	25	29.2	0	22.9
2007-11-29	56.2	60.4	64.6	45.8	35.4	66.7
2007-11-30	100	97.9	100	100	100	100
2007-12-01	100	97.9	100	100	100	100
2007-12-02	100	97.9	100	100	100	100
2007-12-03	100	97.9	100	100	100	100
2007-12-04	100	97.9	100	100	100	100
2007-12-05	100	97.9	100	100	100	100
2007-12-06	100	97.9	100	100	100	100
2007-12-07	100	97.9	100	100	100	100
2007-12-08	100	97.9	100	100	100	100
2007-12-09	100	97.9	100	100	100	100
2007-12-10	100	97.9	100	100	100	100
2007-12-11	100	97.9	100	100	100	100
2007-12-12	100	97.9	100	100	100	100
2007-12-13	100	77.1	100	100	70.8	100
2007-12-14	100	64.6	97.9	97.9	50	97.9
2007-12-15	100	68.8	100	100	52.1	100
2007-12-16	100	64.6	100	100	50	100
2007-12-17	100	58.3	100	100	50	100
2007-12-18	100	64.6	100	100	50	100
2007-12-19	100	66.7	100	100	50	100
2007-12-20	100	70.8	100	100	52.1	100
2007-12-21	100	60.4	100	100	52.1	100
2007-12-22	100	52.1	100	100	52.1	100
2007-12-23	100	56.2	100	100	52.1	100
2007-12-24	100	50	100	100	50	100
2007-12-25	100	50	100	100	50	100
2007-12-26	100	52.1	100	100	50	100
2007-12-27	100	58.3	100	100	50	100
2007-12-28	100	60.4	100	100	50	100
2007-12-29	100	60.4	97.9	97.9	50	97.9
2007-12-30	100	62.5	100	100	50	100
2007-12-31	100	52.1	100	100	50	100
2008-01-07	100	100	100	100	100	50
2008-01-08	100	100	100	100	100	52.1
2008-01-09	100	100	100	100	100	50
2008-01-10	100	100	100	100	100	50
2008-01-11	100	100	100	100	100	50
2008-01-12	100	100	100	100	100	50
2008-01-13	100	100	97.9	100	100	50
2008-01-14	100	100	100	100	100	50
2008-01-15	100	100	100	100	100	50
2008-01-16	100	100	100	100	100	52.1
2008-01-17	100	100	100	100	100	50
2008-01-18	100	100	100	100	100	50
2008-01-19	100	100	100	100	100	50
2008-01-20	100	100	100	100	100	50
2008-01-21	100	100	100	100	100	54.2
2008-01-22	100	100	100	100	100	50
2008-01-23	100	100	100	100	100	50
2008-01-24	100	100	100	100	100	50
2008-01-25	100	100	100	100	100	50
2008-01-26	100	100	100	100	100	52.1
2008-01-27	100	100	100	100	100	52.1
2008-01-28	100	100	97.9	100	100	52.1
2008-01-29	100	100	100	100	100	50
2008-01-30	100	100	100	100	100	50
2008-01-31	100	100	100	100	100	62.5
2008-02-01	100	100	100	100	100	54.2
2008-02-02	100	100	100	100	100	52.1
2008-02-03	100	100	100	100	100	60.4
2008-02-04	100	100	100	100	100	50
2008-02-05	100	100	100	100	100	52.1
2008-02-06	100	100	100	100	100	54.2
2008-02-07	100	100	100	100	100	50
2008-02-08	100	100	100	100	100	52.1
2008-02-09	100	100	100	100	100	50
2008-02-10	100	100	100	100	100	50
2008-02-11	100	100	100	100	100	50
2008-02-12	100	100	97.9	97.9	100	50
2008-02-13	100	100	100	100	100	50
2008-02-14	100	100	100	100	100	50
2008-02-15	100	100	100	100	100	50
2008-02-16	100	100	100	100	100	50
2008-02-17	100	100	100	100	100	50
2008-02-18	100	100	100	100	100	50
2008-02-19	100	100	100	100	100	50
2008-02-20	100	100	100	100	100	50
2008-02-21	100	100	100	100	100	50
2008-02-22	100	100	100	100	100	50
2008-02-23	100	100	100	100	100	50
2008-02-24	100	100	100	100	100	50
2008-02-25	100	100	100	100	100	50
2008-02-26	100	100	100	100	100	50
2008-02-27	100	100	97.9	97.9	100	50
2008-02-28	100	100	100	100	100	50
2008-02-29	100	100	100	100	100	50
2008-03-01	64.6	100	100	100	100	68.8
2008-03-02	58.3	100	100	100	100	100
2008-03-03	50	100	100	100	100	100
2008-03-04	50	100	100	100	100	100
2008-03-05	50	100	100	100	100	100
2008-03-06	50	100	100	100	100	100
2008-03-07	83.3	100	100	100	100	100
2008-03-08	100	100	100	100	100	100
2008-03-09	100	100	100	100	100	100
2008-03-10	100	100	100	100	100	100
2008-03-11	100	100	100	100	100	100
2008-03-12	100	100	100	100	100	100
2008-03-13	100	100	100	97.9	100	100
2008-03-14	100	100	100	100	100	100
2008-03-15	100	100	100	100	100	100
2008-03-16	100	100	100	100	100	100
2008-03-17	100	100	100	100	100	100
2008-03-18	100	100	100	100	100	100
2008-03-19	100	100	100	100	100	100
2008-03-20	100	100	100	100	100	100
2008-03-21	100	100	100	100	100	100
2008-03-22	100	100	100	100	100	100
2008-03-23	100	100	100	100	100	100
2008-03-24	100	100	100	100	100	100
2008-03-25	70.8	66.7	68.8	45.8	47.9	45.8
2008-03-26	39.6	52.1	37.5	2.1	2.1	2.1
2008-03-27	41.7	60.4	60.4	0	4.2	2.1
2008-03-28	47.9	62.5	60.4	4.2	2.1	2.1
2008-03-29	56.2	56.2	45.8	4.2	0	2.1
2008-03-30	70.8	54.2	41.7	2.1	2.1	2.1
2008-03-31	56.2	39.6	35.4	4.2	0	2.1
2008-04-01	58.3	68.8	58.3	2.1	4.2	0
2008-04-02	45.8	60.4	54.2	0	4.2	2.1
2008-04-03	64.6	50	50	2.1	6.2	0
2008-04-04	60.4	54.2	60.4	6.2	0	4.2
2008-04-05	43.8	43.8	41.7	2.1	4.2	2.1
2008-04-06	54.2	56.2	54.2	0	0	2.1
2008-04-07	50	39.6	54.2	0	2.1	0
2008-04-08	47.9	18.8	50	2.1	2.1	0
2008-04-09	8.3	35.4	39.6	6.2	2.1	0
2008-04-10	16.7	35.4	37.5	2.1	2.1	0
2008-04-11	14.6	35.4	66.7	0	6.2	2.1
2008-04-12	29.2	47.9	70.8	4.2	4.2	4.2
2008-04-13	29.2	50	52.1	0	2.1	0
2008-04-14	27.1	43.8	33.3	45.8	50	50
2008-04-15	14.6	33.3	8.3	100	100	100
2008-04-16	39.6	41.7	22.9	100	100	100
2008-04-17	47.9	35.4	20.8	79.2	81.2	79.2
2008-04-18	31.2	39.6	2.1	33.3	41.7	68.8
2008-04-19	12.5	41.7	8.3	62.5	66.7	37.5
2008-04-20	25	37.5	10.4	52.1	64.6	52.1
2008-04-21	18.8	52.1	29.2	68.8	54.2	75
2008-04-22	35.4	37.5	18.8	54.2	60.4	70.8
2008-04-23	50	37.5	27.1	58.3	60.4	58.3
2008-04-24	39.6	56.2	27.1	83.3	68.8	68.8
2008-04-25	16.7	35.4	20.8	54.2	35.4	43.8
2008-04-26	6.2	16.7	2.1	41.7	58.3	45.8
2008-04-27	20.8	35.4	22.9	52.1	58.3	56.2
2008-04-28	18.8	56.2	29.2	54.2	47.9	43.8
2008-04-29	50	35.4	25	60.4	43.8	52.1
2008-04-30	47.9	37.5	41.7	64.6	50	70.8
2008-05-01	41.7	39.6	50	56.2	56.2	79.2
2008-05-02	54.2	39.6	20.8	79.2	62.5	85.4
2008-05-03	45.8	43.8	27.1	72.9	45.8	66.7
2008-05-04	41.7	39.6	31.2	52.1	47.9	58.3
2008-05-05	37.5	39.6	25	64.6	68.8	43.8
2008-05-06	41.7	35.4	22.9	66.7	50	56.2
2008-05-07	58.3	54.2	22.9	68.8	52.1	56.2
2008-05-08	56.2	43.8	35.4	60.4	35.4	62.5
2008-05-09	45.8	45.8	20.8	52.1	52.1	68.8
2008-05-10	45.8	52.1	14.6	64.6	68.8	60.4
2008-05-11	6.2	2.1	0	12.5	4.2	10.4
2008-05-12	10.4	4.2	2.1	20.8	10.4	18.8
2008-05-13	12.5	33.3	4.2	54.2	70.8	54.2
2008-05-14	10.4	35.4	14.6	45.8	60.4	58.3
2008-05-15	35.4	52.1	18.8	68.8	62.5	66.7
2008-05-16	52.1	37.5	29.2	54.2	56.2	77.1
2008-05-17	56.2	37.5	20.8	31.2	50	66.7
2008-05-18	47.9	43.8	25	68.8	45.8	41.7
2008-05-19	45.8	43.8	16.7	50	62.5	52.1
2008-05-20	54.2	39.6	6.2	52.1	72.9	54.2
2008-05-21	52.1	39.6	16.7	41.7	54.2	58.3
2008-05-22	62.5	54.2	35.4	50	54.2	72.9
2008-05-23	45.8	47.9	27.1	56.2	62.5	66.7
2008-05-24	43.8	50	45.8	66.7	58.3	56.2
2008-05-25	45.8	39.6	39.6	70.8	58.3	41.7
2008-05-26	47.9	47.9	41.7	68.8	47.9	54.2
2008-05-27	68.8	54.2	27.1	58.3	66.7	62.5
2008-05-28	54.2	50	27.1	47.9	54.2	58.3
2008-05-29	35.4	56.2	35.4	62.5	56.2	70.8
2008-05-30	16.7	41.7	29.2	45.8	64.6	45.8
2008-05-31	10.4	33.3	22.9	54.2	62.5	50
2008-06-01	29.2	37.5	16.7	47.9	66.7	54.2
2008-06-02	39.6	33.3	31.2	54.2	60.4	50
2008-06-03	22.9	35.4	14.6	41.7	47.9	45.8
2008-06-04	16.7	31.2	4.2	50	64.6	45.8
2008-06-05	20.8	39.6	22.9	56.2	70.8	58.3
2008-06-06	12.5	31.2	37.5	68.8	54.2	47.9
2008-06-07	29.2	45.8	22.9	45.8	62.5	62.5
2008-06-08	27.1	43.8	56.2	64.6	68.8	62.5
2008-06-09	14.6	35.4	25	66.7	47.9	56.2
2008-06-10	12.5	27.1	37.5	58.3	66.7	43.8
2008-06-11	18.8	45.8	20.8	66.7	66.7	72.9
2008-06-12	10.4	27.1	50	58.3	58.3	39.6
2008-06-13	4.2	0	0	2.1	0	0
2008-06-14	16.7	20.8	25	27.1	47.9	37.5
2008-06-15	6.2	25	39.6	50	68.8	47.9
2008-06-16	12.5	35.4	27.1	64.6	52.1	60.4
2008-06-17	31.2	37.5	31.2	60.4	54.2	62.5
2008-06-18	35.4	35.4	52.1	62.5	52.1	70.8
2008-06-19	47.9	50	29.2	60.4	50	64.6
2008-06-20	50	54.2	41.7	60.4	72.9	75
2008-06-21	45.8	60.4	60.4	50	70.8	66.7
2008-06-22	50	56.2	56.2	56.2	62.5	70.8
2008-06-23	50	45.8	45.8	58.3	62.5	77.1
2008-06-24	47.9	56.2	29.2	58.3	75	66.7
2008-06-25	52.1	52.1	37.5	50	75	79.2
2008-06-26	39.6	22.9	45.8	75	60.4	68.8
2008-06-27	14.6	37.5	39.6	50	70.8	60.4
2008-06-28	16.7	47.9	45.8	60.4	70.8	50
2008-06-29	58.3	45.8	45.8	62.5	62.5	62.5
2008-06-30	47.9	47.9	39.6	66.7	58.3	66.7
2008-07-01	43.8	47.9	50	58.3	72.9	70.8
2008-07-02	43.8	45.8	52.1	50	75	54.2
2008-07-03	58.3	54.2	41.7	58.3	66.7	58.3
2008-07-04	41.7	60.4	37.5	70.8	66.7	72.9
2008-07-05	56.2	41.7	58.3	62.5	66.7	54.2
2008-07-06	64.6	37.5	52.1	56.2	54.2	83.3
2008-07-07	54.2	45.8	41.7	45.8	54.2	72.9
2008-07-08	50	33.3	54.2	56.2	54.2	75
2008-07-09	12.5	50	31.2	60.4	58.3	79.2
2008-07-10	52.1	39.6	37.5	58.3	77.1	68.8
2008-07-11	37.5	33.3	60.4	68.8	58.3	77.1
2008-07-12	68.8	39.6	33.3	58.3	75	77.1
2008-07-13	54.2	33.3	41.7	56.2	68.8	72.9
2008-07-14	54.2	47.9	35.4	52.1	54.2	64.6
2008-07-15	29.2	58.3	37.5	45.8	72.9	64.6
2008-07-16	29.2	56.2	41.7	58.3	60.4	75
2008-07-17	39.6	52.1	41.7	54.2	41.7	75
2008-07-18	37.5	52.1	52.1	66.7	64.6	77.1
2008-07-19	41.7	35.4	50	54.2	54.2	77.1
2008-07-20	50	41.7	39.6	50	56.2	68.8
2008-07-21	27.1	27.1	39.6	47.9	62.5	75
2008-07-22	41.7	47.9	52.1	43.8	64.6	64.6
2008-07-23	45.8	41.7	52.1	54.2	56.2	77.1
2008-07-24	72.9	47.9	62.5	56.2	47.9	66.7
2008-07-25	68.8	39.6	37.5	60.4	58.3	77.1
2008-07-26	50	39.6	35.4	47.9	58.3	60.4
2008-07-27	60.4	27.1	47.9	54.2	47.9	54.2
2008-07-28	50	33.3	37.5	45.8	62.5	66.7
2008-07-29	39.6	43.8	33.3	50	58.3	56.2
2008-07-30	41.7	39.6	31.2	43.8	60.4	60.4
2008-07-31	45.8	58.3	29.2	56.2	62.5	50
2008-08-01	45.8	43.8	31.2	43.8	54.2	81.2
2008-08-02	37.5	45.8	56.2	54.2	47.9	68.8
2008-08-03	37.5	60.4	37.5	43.8	47.9	64.6
2008-08-04	52.1	68.8	43.8	52.1	62.5	66.7
2008-08-05	45.8	50	47.9	37.5	50	75
2008-08-06	50	54.2	50	52.1	62.5	58.3
2008-08-07	37.5	41.7	47.9	56.2	56.2	70.8
2008-08-08	39.6	50	43.8	43.8	54.2	41.7
2008-08-09	62.5	37.5	47.9	50	50	50
2008-08-10	45.8	50	47.9	66.7	54.2	27.1
2008-08-11	45.8	62.5	41.7	56.2	60.4	50
2008-08-12	54.2	64.6	56.2	58.3	58.3	47.9
2008-08-13	41.7	47.9	58.3	58.3	47.9	50
2008-08-14	31.2	47.9	45.8	68.8	54.2	50
2008-08-15	54.2	39.6	27.1	56.2	50	50
2008-08-16	37.5	41.7	37.5	66.7	52.1	41.7
2008-08-17	54.2	50	45.8	56.2	41.7	43.8
2008-08-18	45.8	43.8	33.3	68.8	58.3	50
2008-08-19	43.8	37.5	43.8	50	50	50
2008-08-20	41.7	45.8	39.6	64.6	54.2	60.4
2008-08-21	54.2	45.8	83.3	58.3	72.9	45.8
2008-08-22	58.3	43.8	41.7	56.2	54.2	52.1
2008-08-23	60.4	41.7	54.2	77.1	47.9	58.3
2008-08-24	45.8	35.4	41.7	62.5	58.3	58.3
2008-08-25	62.5	37.5	43.8	56.2	47.9	45.8
2008-08-26	60.4	54.2	41.7	52.1	50	54.2
2008-08-27	58.3	50	45.8	54.2	56.2	37.5
2008-08-28	60.4	70.8	52.1	47.9	54.2	50
2008-08-29	45.8	41.7	41.7	43.8	52.1	31.2
2008-08-30	37.5	52.1	43.8	64.6	43.8	18.8
2008-08-31	52.1	43.8	39.6	47.9	52.1	22.9
2008-09-01	37.5	58.3	25	54.2	52.1	35.4
2008-09-02	39.6	50	25	31.2	47.9	18.8
2008-09-03	62.5	47.9	56.2	14.6	52.1	41.7
2008-09-04	64.6	79.2	68.8	27.1	41.7	41.7
2008-09-05	39.6	41.7	56.2	37.5	62.5	27.1
2008-09-06	39.6	41.7	41.7	39.6	52.1	31.2
2008-09-07	45.8	41.7	50	29.2	52.1	25
2008-09-08	47.9	54.2	60.4	27.1	43.8	33.3
2008-09-09	52.1	45.8	60.4	27.1	45.8	20.8
2008-09-10	43.8	39.6	31.2	43.8	62.5	14.6
2008-09-11	37.5	58.3	31.2	47.9	50	29.2
2008-09-12	60.4	47.9	58.3	50	58.3	22.9
2008-09-13	4.2	0	12.5	10.4	35.4	0
2008-09-14	0	2.1	2.1	2.1	45.8	0
2008-09-15	20.8	6.2	4.2	0	0	0
2008-09-16	10.4	22.9	45.8	12.5	14.6	12.5
2008-09-17	18.8	12.5	39.6	45.8	16.7	39.6
2008-09-18	47.9	45.8	41.7	41.7	29.2	52.1
2008-09-19	41.7	41.7	47.9	43.8	41.7	41.7
2008-09-20	37.5	35.4	54.2	72.9	43.8	41.7
2008-09-21	45.8	54.2	37.5	58.3	31.2	58.3
2008-09-22	35.4	39.6	33.3	68.8	41.7	37.5
2008-09-23	43.8	31.2	39.6	66.7	20.8	39.6
2008-09-24	45.8	45.8	56.2	58.3	20.8	54.2
2008-09-25	62.5	41.7	29.2	60.4	25	54.2
2008-09-26	33.3	43.8	39.6	62.5	25	37.5
2008-09-27	20.8	54.2	39.6	54.2	31.2	60.4
2008-09-28	50	54.2	56.2	50	29.2	25
2008-09-29	56.2	41.7	47.9	50	41.7	52.1
2008-09-30	47.9	43.8	52.1	62.5	20.8	50
2008-10-01	35.4	41.7	54.2	60.4	50	50
2008-10-02	41.7	41.7	52.1	68.8	60.4	56.2
2008-10-03	52.1	41.7	41.7	50	56.2	43.8
2008-10-04	45.8	41.7	47.9	52.1	45.8	35.4
2008-10-05	29.2	52.1	41.7	60.4	52.1	41.7
2008-10-06	54.2	47.9	37.5	58.3	43.8	41.7
2008-10-07	52.1	54.2	50	56.2	58.3	75
2008-10-08	37.5	43.8	33.3	58.3	47.9	52.1
2008-10-09	37.5	29.2	50	60.4	43.8	29.2
2008-10-10	43.8	41.7	35.4	54.2	52.1	37.5
2008-10-11	47.9	39.6	31.2	64.6	47.9	31.2
2008-10-12	50	66.7	33.3	77.1	45.8	43.8
2008-10-13	72.9	68.8	47.9	66.7	41.7	47.9
2008-10-14	50	33.3	56.2	50	45.8	41.7
2008-10-15	75	35.4	60.4	70.8	52.1	52.1
2008-10-16	50	43.8	50	54.2	47.9	45.8
2008-10-17	60.4	62.5	56.2	52.1	58.3	45.8
2008-10-18	39.6	45.8	43.8	79.2	43.8	41.7
2008-10-19	50	43.8	37.5	64.6	54.2	35.4
2008-10-20	37.5	47.9	45.8	72.9	37.5	41.7
2008-10-21	29.2	58.3	58.3	64.6	52.1	52.1
2008-10-22	56.2	45.8	50	77.1	52.1	45.8
2008-10-23	50	60.4	77.1	83.3	35.4	64.6
2008-10-24	56.2	37.5	43.8	68.8	16.7	41.7
2008-10-25	27.1	29.2	20.8	58.3	37.5	52.1
2008-10-26	16.7	35.4	27.1	54.2	27.1	54.2
2008-10-27	45.8	47.9	47.9	77.1	43.8	62.5
2008-10-28	52.1	37.5	39.6	68.8	35.4	41.7
2008-10-29	45.8	41.7	58.3	45.8	43.8	43.8
2008-10-30	45.8	39.6	33.3	47.9	33.3	39.6
2008-10-31	43.8	47.9	37.5	54.2	43.8	39.6
2008-11-01	45.8	45.8	41.7	64.6	47.9	27.1
2008-11-02	47.9	35.4	25	56.2	39.6	45.8
2008-11-03	27.1	50	41.7	52.1	45.8	31.2
2008-11-04	52.1	39.6	27.1	52.1	50	35.4
2008-11-05	47.9	37.5	29.2	58.3	41.7	37.5
2008-11-06	64.6	37.5	29.2	54.2	33.3	37.5
2008-11-07	52.1	52.1	47.9	70.8	29.2	47.9
2008-11-08	50	64.6	43.8	77.1	29.2	50
2008-11-09	50	50	31.2	81.2	25	2.1
2008-11-10	33.3	43.8	41.7	66.7	43.8	2.1
2008-11-11	50	56.2	68.8	54.2	41.7	2.1
2008-11-12	60.4	47.9	58.3	68.8	70.8	4.2
2008-11-13	50	52.1	18.8	54.2	33.3	27.1
2008-11-14	64.6	45.8	54.2	62.5	37.5	54.2
2008-11-15	43.8	45.8	43.8	66.7	45.8	41.7
2008-11-16	45.8	47.9	31.2	43.8	39.6	47.9
2008-11-17	37.5	54.2	27.1	64.6	37.5	39.6
2008-11-18	37.5	39.6	18.8	60.4	33.3	22.9
2008-11-19	43.8	20.8	10.4	47.9	18.8	33.3
2008-11-20	45.8	50	33.3	45.8	27.1	41.7
2008-11-21	29.2	47.9	22.9	47.9	29.2	22.9
2008-11-22	64.6	60.4	10.4	50	35.4	35.4
2008-11-23	31.2	31.2	29.2	52.1	43.8	35.4
2008-11-24	37.5	6.2	8.3	54.2	12.5	27.1
2008-11-25	29.2	4.2	4.2	60.4	41.7	41.7
2008-11-26	39.6	6.2	8.3	50	43.8	33.3
2008-11-27	43.8	0	14.6	52.1	37.5	35.4
2008-11-28	41.7	0	16.7	58.3	45.8	50
2008-11-29	47.9	0	8.3	56.2	31.2	52.1
2008-11-30	58.3	4.2	12.5	37.5	54.2	64.6
2008-12-01	50	0	12.5	64.6	25	43.8
2008-12-02	37.5	0	16.7	62.5	31.2	35.4
2008-12-03	50	0	12.5	47.9	41.7	50
2008-12-04	41.7	0	2.1	54.2	31.2	43.8
2008-12-05	56.2	0	8.3	45.8	39.6	27.1
2008-12-06	45.8	0	6.2	50	37.5	41.7
2008-12-07	45.8	0	2.1	66.7	50	18.8
2008-12-08	41.7	33.3	2.1	56.2	18.8	20.8
2008-12-09	54.2	52.1	8.3	37.5	2.1	50
2008-12-10	0	25	0	2.1	37.5	4.2
2008-12-11	2.1	58.3	2.1	2.1	4.2	0
2008-12-12	4.2	35.4	0	2.1	10.4	0
2008-12-13	2.1	58.3	0	0	52.1	14.6
2008-12-14	10.4	33.3	0	2.1	27.1	33.3
2008-12-15	0	0	56.2	31.2	22.9	33.3
2008-12-16	0	0	100	85.4	4.2	50
2008-12-17	4.2	0	100	27.1	25	43.8
2008-12-18	29.2	16.7	100	58.3	39.6	33.3
2008-12-19	39.6	35.4	100	75	43.8	56.2
2008-12-20	35.4	16.7	100	41.7	31.2	43.8
2008-12-21	31.2	0	100	56.2	33.3	45.8
2008-12-22	41.7	0	100	62.5	52.1	33.3
2008-12-23	64.6	39.6	100	79.2	50	43.8
2008-12-24	43.8	20.8	100	52.1	43.8	43.8
2008-12-25	45.8	0	100	62.5	45.8	47.9
2008-12-26	31.2	64.6	100	58.3	64.6	43.8
2008-12-27	16.7	18.8	100	75	45.8	56.2
2008-12-28	8.3	4.2	100	58.3	45.8	47.9
2008-12-29	14.6	0	100	66.7	50	52.1
2008-12-30	16.7	8.3	100	54.2	45.8	35.4
2008-12-31	8.3	0	100	45.8	27.1	35.4
2009-01-01	10.4	100	100	54.2	52.1	43.8
2009-01-02	6.2	100	100	50	54.2	47.9
2009-01-03	4.2	100	100	87.5	52.1	43.8
2009-01-04	18.8	100	100	29.2	31.2	41.7
2009-01-05	14.6	100	100	33.3	47.9	33.3
2009-01-06	18.8	100	100	58.3	54.2	41.7
2009-01-07	25	100	100	75	41.7	31.2
2009-01-08	12.5	100	100	56.2	27.1	39.6
2009-01-09	16.7	100	100	68.8	31.2	35.4
2009-01-10	12.5	100	100	58.3	22.9	60.4
2009-01-11	4.2	100	100	41.7	58.3	31.2
2009-01-12	4.2	100	100	68.8	45.8	47.9
2009-01-13	22.9	100	100	47.9	27.1	10.4
2009-01-14	100	100	100	35.4	31.2	8.3
2009-01-15	100	100	100	43.8	18.8	31.2
2009-01-16	100	100	100	56.2	31.2	12.5
2009-01-17	100	100	100	56.2	22.9	47.9
2009-01-18	100	100	100	68.8	12.5	66.7
2009-01-19	100	100	100	58.3	50	33.3
2009-01-20	100	100	100	56.2	60.4	33.3
2009-01-21	100	100	100	52.1	39.6	18.8
2009-01-22	100	100	100	66.7	52.1	25
2009-01-23	100	100	100	45.8	29.2	39.6
2009-01-24	100	100	100	54.2	31.2	29.2
2009-01-25	100	100	100	64.6	54.2	22.9
2009-01-26	100	100	100	62.5	41.7	33.3
2009-01-27	100	100	100	60.4	41.7	29.2
2009-01-28	100	100	100	58.3	35.4	16.7
2009-01-29	100	100	100	56.2	52.1	4.2
2009-01-30	100	100	100	50	39.6	0
2009-01-31	100	100	100	50	47.9	14.6
2009-02-01	100	100	100	52.1	43.8	45.8
2009-02-02	100	100	100	66.7	37.5	27.1
2009-02-03	100	100	100	35.4	27.1	27.1
2009-02-04	100	100	100	37.5	31.2	16.7
2009-02-05	100	100	100	41.7	29.2	31.2
2009-02-06	100	100	100	60.4	37.5	35.4
2009-02-07	100	100	100	45.8	33.3	43.8
2009-02-08	100	100	100	39.6	54.2	37.5
2009-02-09	100	100	100	58.3	66.7	41.7
2009-02-10	100	100	100	50	31.2	29.2
2009-02-11	100	100	100	77.1	35.4	37.5
2009-02-12	100	100	100	68.8	43.8	31.2
2009-02-13	100	100	100	47.9	56.2	58.3
2009-02-14	100	100	100	35.4	37.5	39.6
2009-02-15	100	100	100	54.2	41.7	27.1
2009-02-16	100	100	100	47.9	39.6	27.1
2009-02-17	100	100	100	52.1	75	35.4
2009-02-18	100	100	100	62.5	52.1	41.7
2009-02-19	100	100	100	41.7	37.5	14.6
2009-02-20	100	100	100	66.7	33.3	37.5
2009-02-21	100	100	100	45.8	35.4	37.5
2009-02-22	100	100	100	50	27.1	25
2009-02-23	100	100	100	37.5	33.3	22.9
2009-02-24	100	100	100	45.8	47.9	20.8
2009-02-25	66.7	100	68.8	45.8	27.1	27.1
2009-02-26	54.2	100	27.1	66.7	12.5	18.8
2009-02-27	41.7	100	47.9	43.8	12.5	2.1
2009-02-28	56.2	100	58.3	41.7	12.5	10.4
2009-03-01	27.1	100	52.1	35.4	8.3	14.6
2009-03-02	33.3	100	47.9	35.4	8.3	10.4
2009-03-03	6.2	100	50	54.2	16.7	10.4
2009-03-04	8.3	100	37.5	50	4.2	6.2
2009-03-05	27.1	100	58.3	39.6	14.6	10.4
2009-03-06	0	100	50	35.4	4.2	12.5
2009-03-07	16.7	100	72.9	52.1	4.2	16.7
2009-03-08	14.6	100	43.8	64.6	8.3	0
2009-03-09	18.8	100	56.2	25	18.8	2.1
2009-03-10	4.2	100	27.1	6.2	0	0
2009-03-11	16.7	100	56.2	45.8	0	2.1
2009-03-12	22.9	100	64.6	43.8	6.2	2.1
2009-03-13	29.2	100	58.3	50	8.3	14.6
2009-03-14	20.8	100	58.3	50	6.2	8.3
2009-03-15	16.7	100	43.8	39.6	10.4	6.2
2009-03-16	20.8	100	41.7	22.9	0	6.2
2009-03-17	16.7	100	35.4	43.8	8.3	6.2
2009-03-18	27.1	100	45.8	39.6	2.1	4.2
2009-03-19	43.8	100	50	37.5	0	6.2
2009-03-20	39.6	100	43.8	52.1	2.1	6.2
2009-03-21	47.9	100	43.8	52.1	6.2	6.2
2009-03-22	47.9	100	79.2	37.5	16.7	10.4
2009-03-23	39.6	100	52.1	37.5	20.8	18.8
2009-03-24	41.7	100	62.5	31.2	10.4	14.6
2009-03-25	16.7	100	35.4	52.1	12.5	14.6
2009-03-26	20.8	100	52.1	45.8	0	10.4
2009-03-27	47.9	100	47.9	37.5	4.2	0
2009-03-28	50	100	56.2	81.2	22.9	33.3
2009-03-29	39.6	100	60.4	41.7	8.3	10.4
2009-03-30	6.2	100	29.2	41.7	4.2	8.3
2009-03-31	10.4	100	47.9	25	10.4	0
2009-04-01	8.3	100	52.1	39.6	8.3	45.8
2009-04-02	39.6	100	54.2	56.2	18.8	100
2009-04-03	50	100	43.8	52.1	16.7	100
2009-04-04	50	100	37.5	41.7	31.2	100
2009-04-05	56.2	100	56.2	52.1	33.3	100
2009-04-06	50	100	54.2	39.6	31.2	100
2009-04-07	39.6	100	33.3	43.8	43.8	100
2009-04-08	52.1	100	39.6	50	37.5	100
2009-04-09	58.3	100	54.2	45.8	43.8	100
2009-04-10	54.2	100	50	45.8	22.9	100
2009-04-11	35.4	100	25	45.8	22.9	100
2009-04-12	43.8	100	50	37.5	20.8	100
2009-04-13	58.3	100	56.2	56.2	27.1	100
2009-04-14	60.4	100	50	41.7	41.7	100
2009-04-15	41.7	100	31.2	37.5	25	100
2009-04-16	33.3	100	20.8	35.4	31.2	100
2009-04-17	37.5	100	33.3	33.3	29.2	100
2009-04-18	54.2	100	39.6	47.9	33.3	100
2009-04-19	54.2	100	37.5	62.5	29.2	100
2009-04-20	43.8	100	52.1	56.2	31.2	100
2009-04-21	43.8	100	45.8	43.8	25	100
2009-04-22	37.5	100	33.3	41.7	22.9	100
2009-04-23	27.1	100	52.1	31.2	12.5	100
2009-04-24	25	100	60.4	33.3	54.2	100
2009-04-25	41.7	100	39.6	33.3	43.8	100
2009-04-26	45.8	100	37.5	35.4	12.5	100
2009-04-27	47.9	100	41.7	27.1	35.4	100
2009-04-28	62.5	100	43.8	31.2	43.8	100
2009-04-29	68.8	100	47.9	35.4	45.8	100
2009-04-30	2.1	100	0	2.1	6.2	100
2009-05-01	16.7	100	8.3	6.2	8.3	100
2009-05-02	6.2	100	12.5	2.1	18.8	100
2009-05-03	14.6	100	14.6	2.1	14.6	100
2009-05-04	25	100	25	37.5	35.4	75
2009-05-05	45.8	100	43.8	35.4	25	70.8
2009-05-06	39.6	100	43.8	37.5	37.5	52.1
2009-05-07	31.2	100	22.9	25	20.8	56.2
2009-05-08	29.2	100	29.2	39.6	25	47.9
2009-05-09	31.2	100	31.2	16.7	16.7	62.5
2009-05-10	45.8	100	45.8	25	12.5	52.1
2009-05-11	31.2	100	27.1	29.2	27.1	50
2009-05-12	33.3	100	25	14.6	25	47.9
2009-05-13	39.6	100	27.1	20.8	27.1	35.4
2009-05-14	4.2	100	10.4	10.4	8.3	0
2009-05-15	4.2	100	2.1	10.4	16.7	6.2
2009-05-16	6.2	100	0	0	0	0
2009-05-17	6.2	100	18.8	6.2	10.4	4.2
2009-05-18	10.4	100	14.6	10.4	18.8	20.8
2009-05-19	8.3	100	33.3	16.7	29.2	39.6
2009-05-20	35.4	100	25	33.3	22.9	43.8
2009-05-21	33.3	100	29.2	25	33.3	50
2009-05-22	43.8	100	31.2	16.7	16.7	43.8
2009-05-23	39.6	100	37.5	33.3	20.8	43.8
2009-05-24	39.6	100	31.2	27.1	29.2	43.8
2009-05-25	31.2	100	41.7	47.9	31.2	33.3
2009-05-26	50	100	37.5	35.4	43.8	60.4
2009-05-27	68.8	100	54.2	43.8	47.9	60.4
2009-05-28	35.4	100	54.2	52.1	27.1	52.1
2009-05-29	35.4	100	52.1	33.3	25	33.3
2009-05-30	39.6	100	33.3	39.6	12.5	47.9
2009-05-31	37.5	100	39.6	47.9	12.5	52.1
2009-06-01	31.2	100	39.6	37.5	16.7	54.2
2009-06-02	54.2	100	47.9	60.4	22.9	64.6
2009-06-03	45.8	100	47.9	35.4	22.9	45.8
2009-06-04	31.2	100	27.1	22.9	20.8	50
2009-06-05	37.5	100	31.2	37.5	20.8	45.8
2009-06-06	47.9	100	41.7	35.4	35.4	45.8
2009-06-07	43.8	100	27.1	45.8	16.7	54.2
2009-06-08	4.2	100	0	4.2	0	0
2009-06-09	2.1	100	20.8	8.3	8.3	0
2009-06-10	12.5	100	47.9	45.8	31.2	37.5
2009-06-11	10.4	100	45.8	35.4	16.7	50
2009-06-12	12.5	100	52.1	35.4	18.8	60.4
2009-06-13	35.4	100	47.9	45.8	35.4	58.3
2009-06-14	33.3	100	37.5	39.6	16.7	54.2
2009-06-15	43.8	100	35.4	62.5	25	50
2009-06-16	37.5	100	56.2	72.9	31.2	54.2
2009-06-17	6.2	100	43.8	6.2	20.8	2.1
2009-06-18	8.3	100	12.5	14.6	4.2	4.2
2009-06-19	12.5	100	35.4	2.1	18.8	4.2
2009-06-20	14.6	100	43.8	27.1	27.1	4.2
2009-06-21	12.5	100	37.5	52.1	20.8	25
2009-06-22	8.3	100	2.1	0	0	0
2009-06-23	2.1	100	43.8	6.2	14.6	0
2009-06-24	4.2	100	29.2	8.3	16.7	0
2009-06-25	6.2	100	56.2	39.6	14.6	33.3
2009-06-26	8.3	100	54.2	54.2	25	54.2
2009-06-27	25	100	43.8	50	20.8	37.5
2009-06-28	4.2	100	52.1	33.3	16.7	22.9
2009-06-29	10.4	100	43.8	33.3	18.8	52.1
2009-06-30	37.5	100	52.1	35.4	20.8	56.2
2009-07-01	43.8	100	56.2	41.7	18.8	56.2
2009-07-02	43.8	100	64.6	47.9	33.3	50
2009-07-03	39.6	100	41.7	52.1	20.8	52.1
2009-07-04	18.8	100	29.2	18.8	6.2	8.3
2009-07-05	6.2	100	37.5	18.8	8.3	8.3
2009-07-06	10.4	100	50	43.8	25	64.6
2009-07-07	47.9	100	50	56.2	18.8	50
2009-07-08	60.4	100	45.8	41.7	22.9	47.9
2009-07-09	43.8	100	47.9	68.8	18.8	56.2
2009-07-10	18.8	100	22.9	31.2	16.7	18.8
2009-07-11	10.4	100	22.9	4.2	4.2	2.1
2009-07-12	12.5	100	41.7	41.7	4.2	35.4
2009-07-13	54.2	100	56.2	50	12.5	45.8
2009-07-14	60.4	100	66.7	50	6.2	47.9
2009-07-15	52.1	100	56.2	45.8	6.2	45.8
2009-07-16	58.3	100	47.9	35.4	14.6	43.8
2009-07-17	60.4	100	60.4	52.1	18.8	43.8
2009-07-18	60.4	100	43.8	56.2	25	56.2
2009-07-19	50	100	39.6	41.7	16.7	47.9
2009-07-20	37.5	100	47.9	31.2	25	29.2
2009-07-21	60.4	100	85.4	37.5	20.8	60.4
2009-07-22	62.5	100	62.5	39.6	27.1	54.2
2009-07-23	37.5	100	54.2	50	20.8	50
2009-07-24	54.2	100	60.4	54.2	16.7	52.1
2009-07-25	62.5	100	52.1	43.8	16.7	43.8
2009-07-26	39.6	100	52.1	33.3	14.6	50
2009-07-27	41.7	100	41.7	41.7	4.2	47.9
2009-07-28	54.2	100	58.3	31.2	20.8	62.5
2009-07-29	35.4	100	33.3	50	16.7	47.9
2009-07-30	56.2	100	35.4	43.8	33.3	35.4
2009-07-31	54.2	100	37.5	39.6	18.8	45.8
2009-08-01	35.4	100	39.6	35.4	25	58.3
2009-08-02	45.8	100	33.3	43.8	22.9	43.8
2009-08-03	41.7	100	50	50	25	35.4
2009-08-04	43.8	100	68.8	45.8	35.4	50
2009-08-05	50	100	33.3	35.4	16.7	39.6
2009-08-06	41.7	100	39.6	41.7	43.8	41.7
2009-08-07	56.2	100	45.8	58.3	39.6	50
2009-08-08	50	100	64.6	50	35.4	47.9
2009-08-09	60.4	100	58.3	39.6	52.1	58.3
2009-08-10	43.8	100	41.7	43.8	33.3	45.8
2009-08-11	54.2	100	62.5	39.6	39.6	39.6
2009-08-12	45.8	100	58.3	33.3	45.8	29.2
2009-08-13	52.1	100	56.2	39.6	35.4	52.1
2009-08-14	58.3	100	58.3	33.3	35.4	52.1
2009-08-15	58.3	100	56.2	45.8	43.8	31.2
2009-08-16	58.3	100	47.9	41.7	52.1	33.3
2009-08-17	47.9	100	50	18.8	33.3	43.8
2009-08-18	45.8	100	37.5	41.7	35.4	50
2009-08-19	56.2	100	41.7	43.8	52.1	29.2
2009-08-20	37.5	100	47.9	39.6	2.1	35.4
2009-08-21	47.9	100	45.8	25	25	56.2
2009-08-22	50	100	47.9	37.5	31.2	52.1
2009-08-23	31.2	100	39.6	45.8	54.2	33.3
2009-08-24	52.1	100	45.8	43.8	27.1	41.7
2009-08-25	45.8	100	58.3	39.6	39.6	47.9
2009-08-26	77.1	100	75	54.2	33.3	50
2009-08-27	10.4	100	10.4	4.2	0	4.2
2009-08-28	4.2	100	0	4.2	2.1	0
2009-08-29	8.3	100	29.2	18.8	4.2	18.8
2009-08-30	14.6	100	37.5	60.4	18.8	47.9
2009-08-31	52.1	100	45.8	56.2	29.2	33.3
2009-09-01	52.1	100	41.7	33.3	31.2	45.8
2009-09-02	43.8	100	66.7	45.8	31.2	43.8
2009-09-03	43.8	100	39.6	47.9	16.7	41.7
2009-09-04	52.1	100	50	35.4	6.2	52.1
2009-09-05	50	100	43.8	56.2	33.3	39.6
2009-09-06	66.7	100	33.3	39.6	37.5	50
2009-09-07	62.5	100	43.8	37.5	37.5	45.8
2009-09-08	47.9	100	52.1	37.5	31.2	41.7
2009-09-09	41.7	100	35.4	37.5	29.2	41.7
2009-09-10	47.9	100	43.8	41.7	45.8	52.1
2009-09-11	35.4	100	45.8	25	39.6	33.3
2009-09-12	37.5	100	56.2	27.1	29.2	37.5
2009-09-13	45.8	100	39.6	37.5	45.8	39.6
2009-09-14	43.8	100	35.4	39.6	25	31.2
2009-09-15	47.9	100	54.2	39.6	43.8	37.5
2009-09-16	43.8	100	56.2	20.8	35.4	27.1
2009-09-17	39.6	100	45.8	47.9	37.5	31.2
2009-09-18	47.9	100	37.5	41.7	39.6	37.5
2009-09-19	33.3	100	37.5	35.4	35.4	37.5
2009-09-20	60.4	100	37.5	45.8	35.4	56.2
2009-09-21	41.7	100	54.2	41.7	43.8	29.2
2009-09-22	60.4	100	70.8	33.3	54.2	50
2009-09-23	37.5	100	37.5	25	37.5	25
2009-09-24	43.8	100	35.4	41.7	58.3	47.9
2009-09-25	41.7	100	39.6	39.6	47.9	45.8
2009-09-26	50	100	54.2	37.5	41.7	43.8
2009-09-27	45.8	100	47.9	31.2	33.3	43.8
2009-09-28	50	100	43.8	45.8	37.5	39.6
2009-09-29	45.8	100	45.8	37.5	29.2	35.4
2009-09-30	45.8	100	50	43.8	41.7	35.4
2009-10-01	45.8	100	70.8	58.3	33.3	62.5
2009-10-02	16.7	100	50	41.7	47.9	58.3
2009-10-03	22.9	100	47.9	64.6	35.4	58.3
2009-10-04	29.2	100	43.8	39.6	33.3	33.3
2009-10-05	39.6	100	43.8	25	33.3	33.3
2009-10-06	52.1	100	47.9	41.7	16.7	35.4
2009-10-07	45.8	100	43.8	33.3	35.4	29.2
2009-10-08	43.8	100	58.3	43.8	43.8	50
2009-10-09	45.8	100	52.1	41.7	20.8	56.2
2009-10-10	52.1	100	58.3	39.6	29.2	43.8
2009-10-11	45.8	100	60.4	39.6	31.2	56.2
2009-10-12	58.3	100	64.6	54.2	20.8	54.2
2009-10-13	35.4	100	47.9	41.7	14.6	37.5
2009-10-14	31.2	100	45.8	41.7	25	41.7
2009-10-15	50	100	56.2	50	20.8	50
2009-10-16	58.3	100	47.9	52.1	39.6	47.9
2009-10-17	47.9	100	50	39.6	52.1	31.2
2009-10-18	33.3	100	62.5	45.8	37.5	31.2
2009-10-19	43.8	100	54.2	29.2	33.3	27.1
2009-10-20	56.2	100	18.8	50	37.5	52.1
2009-10-21	52.1	100	47.9	22.9	56.2	41.7
2009-10-22	31.2	100	62.5	35.4	29.2	29.2
2009-10-23	27.1	100	0	0	0	0
2009-10-24	12.5	100	4.2	4.2	14.6	0
2009-10-25	8.3	100	33.3	25	22.9	18.8
2009-10-26	14.6	100	50	29.2	35.4	45.8
2009-10-27	16.7	100	41.7	39.6	22.9	37.5
2009-10-28	33.3	100	56.2	77.1	45.8	43.8
2009-10-29	31.2	100	41.7	31.2	14.6	27.1
2009-10-30	6.2	100	2.1	0	0	0
2009-10-31	10.4	100	8.3	0	6.2	0
2009-11-01	20.8	100	52.1	18.8	22.9	8.3
2009-11-02	8.3	100	20.8	33.3	25	25
2009-11-03	41.7	100	27.1	37.5	25	33.3
2009-11-04	37.5	100	35.4	25	22.9	33.3
2009-11-05	29.2	100	31.2	37.5	27.1	39.6
2009-11-06	29.2	100	18.8	33.3	33.3	29.2
2009-11-07	35.4	100	22.9	29.2	27.1	37.5
2009-11-08	47.9	100	29.2	35.4	22.9	39.6
2009-11-09	33.3	100	22.9	29.2	18.8	27.1
2009-11-10	8.3	100	22.9	31.2	16.7	18.8
2009-11-11	2.1	100	31.2	35.4	27.1	29.2
2009-11-12	29.2	100	22.9	43.8	8.3	39.6
2009-11-13	37.5	100	18.8	18.8	25	39.6
2009-11-14	35.4	100	25	37.5	14.6	31.2
2009-11-15	27.1	100	20.8	25	25	52.1
2009-11-16	29.2	100	41.7	47.9	29.2	31.2
2009-11-17	14.6	100	39.6	52.1	29.2	6.2
2009-11-18	16.7	100	16.7	12.5	37.5	14.6
2009-11-19	10.4	100	12.5	4.2	35.4	0
2009-11-20	12.5	100	0	16.7	27.1	20.8
2009-11-21	10.4	100	2.1	31.2	20.8	31.2
2009-11-22	31.2	100	4.2	37.5	31.2	39.6
2009-11-23	31.2	100	6.2	25	25	29.2
2009-11-24	56.2	100	6.2	39.6	35.4	52.1
2009-11-25	43.8	100	2.1	14.6	31.2	41.7
2009-11-26	50	100	6.2	37.5	39.6	45.8
2009-11-27	27.1	100	2.1	37.5	35.4	18.8
2009-11-28	20.8	100	0	27.1	29.2	39.6
2009-11-29	25	100	0	16.7	22.9	31.2
2009-11-30	27.1	100	0	29.2	31.2	27.1
2009-12-01	18.8	100	2.1	8.3	20.8	12.5
2009-12-02	33.3	100	81.2	16.7	33.3	39.6
2009-12-03	22.9	100	100	14.6	16.7	16.7
2009-12-04	8.3	100	100	2.1	18.8	29.2
2009-12-05	14.6	100	100	6.2	10.4	25
2009-12-06	16.7	100	100	16.7	27.1	18.8
2009-12-07	18.8	100	100	2.1	31.2	43.8
2009-12-08	18.8	100	100	4.2	35.4	45.8
2009-12-09	12.5	100	100	10.4	6.2	25
2009-12-10	27.1	100	100	14.6	10.4	22.9
2009-12-11	16.7	100	100	4.2	16.7	18.8
2009-12-12	16.7	100	100	6.2	14.6	31.2
2009-12-13	6.2	100	100	2.1	31.2	37.5
2009-12-14	6.2	100	100	0	29.2	29.2
2009-12-15	4.2	100	100	0	14.6	20.8
2009-12-16	0	100	100	2.1	12.5	25
2009-12-17	0	100	100	0	22.9	27.1
2009-12-18	0	100	100	91.7	27.1	37.5
2009-12-19	0	100	100	100	41.7	45.8
2009-12-20	41.7	100	100	100	27.1	41.7
2009-12-21	100	100	100	100	22.9	20.8
2009-12-22	100	100	100	100	35.4	41.7
2009-12-23	100	100	100	100	41.7	47.9
2009-12-24	100	100	100	100	16.7	25
2009-12-25	100	100	100	100	6.2	4.2
2009-12-26	100	100	100	100	16.7	8.3
2009-12-27	100	100	100	100	2.1	14.6
2009-12-28	100	100	100	100	10.4	33.3
2009-12-29	100	100	100	100	4.2	6.2
2009-12-30	100	100	100	100	10.4	20.8
2009-12-31	100	100	100	100	2.1	10.4
2010-01-01	100	100	100	100	10.4	10.4
2010-01-02	100	100	100	100	0	0
2010-01-03	100	100	100	100	2.1	2.1
2010-01-04	100	100	100	100	8.3	0
2010-01-05	100	100	100	100	0	0
2010-01-06	100	100	100	100	6.2	0
2010-01-07	100	100	100	100	6.2	2.1
2010-01-08	100	100	100	100	4.2	2.1
2010-01-09	100	100	100	100	2.1	2.1
2010-01-10	100	100	100	100	10.4	2.1
2010-01-11	100	100	100	100	10.4	10.4
2010-01-12	100	100	100	100	4.2	6.2
2010-01-13	100	100	100	100	2.1	14.6
2010-01-14	100	100	100	100	31.2	14.6
2010-01-15	100	100	100	100	100	33.3
2010-01-16	100	100	100	100	100	22.9
2010-01-17	100	100	100	100	100	8.3
2010-01-18	100	100	100	100	100	20.8
2010-01-19	100	100	100	100	100	18.8
2010-01-20	100	100	100	100	100	33.3
2010-01-21	100	100	100	100	100	47.9
2010-01-22	100	100	100	100	100	37.5
2010-01-23	100	100	100	100	100	33.3
2010-01-24	100	100	100	100	100	6.2
2010-01-25	100	100	100	100	100	4.2
2010-01-26	100	100	100	100	100	6.2
2010-01-27	100	100	100	100	100	4.2
2010-01-28	100	100	100	100	100	8.3
2010-01-29	100	100	100	100	100	2.1
2010-01-30	100	100	100	100	100	4.2
2010-01-31	100	100	100	100	100	2.1
2010-02-01	100	100	100	100	100	10.4
2010-02-02	100	100	100	100	100	10.4
2010-02-03	100	100	100	100	100	6.2
2010-02-04	100	100	100	100	100	25
2010-02-05	100	100	100	100	100	18.8
2010-02-06	100	100	100	100	100	4.2
2010-02-07	100	100	100	100	100	10.4
2010-02-08	100	100	100	100	100	18.8
2010-02-09	100	100	100	100	100	6.2
2010-02-10	100	100	100	100	100	4.2
2010-02-11	100	100	100	100	100	2.1
2010-02-12	100	100	100	100	100	4.2
2010-02-13	100	100	100	100	100	10.4
2010-02-14	100	100	100	100	100	10.4
2010-02-15	100	100	100	100	100	8.3
2010-02-16	100	100	100	100	100	4.2
2010-02-17	100	100	100	100	100	6.2
2010-02-18	100	100	100	100	100	4.2
2010-02-19	100	100	100	100	100	14.6
2010-02-20	100	100	100	100	100	10.4
2010-02-21	100	100	100	100	100	14.6
2010-02-22	100	100	100	100	100	12.5
2010-02-23	100	100	100	100	100	6.2
2010-02-24	100	100	100	100	100	0
2010-02-25	100	100	100	100	100	0
2010-02-26	100	100	100	100	100	4.2
2010-02-27	100	100	100	100	100	4.2
2010-02-28	100	100	100	100	100	4.2
2010-03-01	100	100	100	100	100	2.1
2010-03-02	100	100	100	100	100	4.2
2010-03-03	100	100	100	100	100	0
2010-03-04	100	100	100	100	100	6.2
2010-03-05	75	100	66.7	75	75	16.7
2010-03-06	29.2	100	41.7	33.3	50	41.7
2010-03-07	56.2	100	58.3	45.8	18.8	47.9
2010-03-08	27.1	100	72.9	72.9	6.2	50
2010-03-09	16.7	100	77.1	37.5	33.3	35.4
2010-03-10	22.9	100	37.5	20.8	39.6	2.1
2010-03-11	10.4	100	20.8	20.8	16.7	12.5
2010-03-12	12.5	100	8.3	4.2	22.9	0
2010-03-13	8.3	100	2.1	2.1	0	2.1
2010-03-14	22.9	100	0	2.1	2.1	0
2010-03-15	12.5	100	27.1	14.6	31.2	2.1
2010-03-16	33.3	100	56.2	66.7	35.4	60.4
2010-03-17	25	100	75	70.8	39.6	58.3
2010-03-18	50	100	54.2	45.8	35.4	41.7
2010-03-19	56.2	100	75	54.2	47.9	56.2
2010-03-20	85.4	100	66.7	54.2	58.3	37.5
2010-03-21	70.8	100	72.9	47.9	35.4	37.5
2010-03-22	72.9	100	62.5	75	47.9	43.8
2010-03-23	70.8	100	66.7	62.5	52.1	56.2
2010-03-24	81.2	100	66.7	58.3	56.2	62.5
2010-03-25	72.9	100	64.6	45.8	41.7	43.8
2010-03-26	60.4	100	58.3	60.4	37.5	45.8
2010-03-27	54.2	100	66.7	64.6	39.6	56.2
2010-03-28	47.9	100	41.7	60.4	41.7	39.6
2010-03-29	50	100	45.8	43.8	43.8	31.2
2010-03-30	64.6	100	60.4	64.6	41.7	39.6
2010-03-31	64.6	100	70.8	52.1	31.2	37.5
2010-04-01	58.3	100	77.1	60.4	25	37.5
2010-04-02	66.7	100	79.2	75	43.8	39.6
2010-04-03	54.2	100	58.3	56.2	10.4	37.5
2010-04-04	70.8	100	45.8	56.2	33.3	41.7
2010-04-05	62.5	100	60.4	50	22.9	35.4
2010-04-06	50	100	68.8	62.5	45.8	39.6
2010-04-07	66.7	100	66.7	79.2	27.1	62.5
2010-04-08	62.5	100	62.5	64.6	31.2	45.8
2010-04-09	58.3	100	68.8	43.8	43.8	39.6
2010-04-10	62.5	100	68.8	45.8	37.5	43.8
2010-04-11	64.6	100	64.6	64.6	47.9	31.2
2010-04-12	62.5	100	68.8	62.5	52.1	41.7
2010-04-13	50	100	70.8	54.2	31.2	35.4
2010-04-14	50	100	75	33.3	27.1	41.7
2010-04-15	77.1	100	70.8	70.8	45.8	39.6
2010-04-16	72.9	100	77.1	64.6	29.2	50
2010-04-17	50	100	72.9	54.2	33.3	47.9
2010-04-18	68.8	100	66.7	50	41.7	39.6
2010-04-19	72.9	100	72.9	62.5	50	37.5
2010-04-20	60.4	100	56.2	50	47.9	27.1
2010-04-21	56.2	100	58.3	56.2	50	41.7
2010-04-22	70.8	100	54.2	41.7	47.9	47.9
2010-04-23	77.1	100	70.8	58.3	58.3	43.8
2010-04-24	45.8	100	56.2	47.9	29.2	33.3
2010-04-25	0	100	0	0	52.1	0
2010-04-26	10.4	100	10.4	4.2	2.1	0
2010-04-27	10.4	100	6.2	4.2	20.8	8.3
2010-04-28	12.5	100	20.8	25	18.8	37.5
2010-04-29	50	100	35.4	60.4	37.5	37.5
2010-04-30	52.1	100	27.1	52.1	27.1	43.8
2010-05-01	4.2	100	16.7	14.6	29.2	27.1
2010-05-02	25	100	16.7	16.7	25	33.3
2010-05-03	20.8	100	8.3	4.2	4.2	0
2010-05-04	6.2	100	10.4	4.2	29.2	6.2
2010-05-05	33.3	100	25	25	27.1	45.8
2010-05-06	50	100	37.5	56.2	41.7	52.1
2010-05-07	22.9	100	14.6	18.8	27.1	20.8
2010-05-08	10.4	100	14.6	0	22.9	16.7
2010-05-09	25	100	29.2	35.4	22.9	39.6
2010-05-10	70.8	100	33.3	75	37.5	41.7
2010-05-11	16.7	100	18.8	37.5	20.8	16.7
2010-05-12	18.8	100	22.9	16.7	22.9	6.2
2010-05-13	14.6	100	4.2	2.1	2.1	4.2
2010-05-14	10.4	100	16.7	14.6	20.8	0
2010-05-15	12.5	100	12.5	2.1	29.2	20.8
2010-05-16	31.2	100	31.2	22.9	41.7	43.8
2010-05-17	22.9	100	58.3	60.4	47.9	47.9
2010-05-18	20.8	100	54.2	52.1	43.8	43.8
2010-05-19	62.5	100	41.7	62.5	54.2	52.1
2010-05-20	68.8	100	66.7	85.4	45.8	50
2010-05-21	45.8	100	62.5	89.6	39.6	64.6
2010-05-22	45.8	100	43.8	68.8	33.3	41.7
2010-05-23	72.9	100	41.7	54.2	35.4	56.2
2010-05-24	45.8	100	68.8	56.2	39.6	47.9
2010-05-25	77.1	100	77.1	60.4	27.1	58.3
2010-05-26	54.2	100	83.3	60.4	35.4	52.1
2010-05-27	66.7	100	83.3	62.5	52.1	47.9
2010-05-28	60.4	100	62.5	54.2	56.2	39.6
2010-05-29	72.9	100	60.4	58.3	37.5	43.8
2010-05-30	66.7	100	37.5	62.5	41.7	50
2010-05-31	64.6	100	60.4	60.4	39.6	54.2
2010-06-01	54.2	100	64.6	47.9	31.2	37.5
2010-06-02	18.8	100	2.1	0	0	2.1
2010-06-03	6.2	100	2.1	0	14.6	25
2010-06-04	58.3	100	22.9	47.9	31.2	50
2010-06-05	18.8	100	16.7	14.6	4.2	18.8
2010-06-06	2.1	100	10.4	2.1	12.5	10.4
2010-06-07	18.8	100	31.2	18.8	37.5	50
2010-06-08	33.3	100	33.3	33.3	39.6	18.8
2010-06-09	4.2	100	31.2	14.6	29.2	50
2010-06-10	45.8	100	29.2	54.2	33.3	31.2
2010-06-11	14.6	100	37.5	18.8	43.8	45.8
2010-06-12	31.2	100	10.4	8.3	10.4	20.8
2010-06-13	6.2	100	0	0	0	0
2010-06-14	4.2	100	2.1	0	2.1	0
2010-06-15	16.7	100	6.2	4.2	0	0
2010-06-16	18.8	100	18.8	8.3	12.5	0
2010-06-17	10.4	100	14.6	12.5	33.3	47.9
2010-06-18	31.2	100	22.9	12.5	18.8	27.1
2010-06-19	6.2	100	2.1	2.1	0	0
2010-06-20	22.9	100	22.9	14.6	12.5	4.2
2010-06-21	12.5	100	16.7	2.1	27.1	25
2010-06-22	10.4	100	27.1	14.6	20.8	0
2010-06-23	16.7	100	10.4	20.8	12.5	0
2010-06-24	10.4	100	16.7	20.8	12.5	0
2010-06-25	20.8	100	33.3	72.9	33.3	31.2
2010-06-26	6.2	100	14.6	37.5	31.2	47.9
2010-06-27	20.8	100	18.8	62.5	22.9	50
2010-06-28	66.7	100	43.8	54.2	39.6	45.8
2010-06-29	64.6	100	77.1	52.1	41.7	37.5
2010-06-30	56.2	100	68.8	41.7	56.2	37.5
2010-07-01	58.3	100	60.4	54.2	39.6	50
2010-07-02	60.4	100	66.7	54.2	50	39.6
2010-07-03	50	100	70.8	41.7	37.5	50
2010-07-04	56.2	100	81.2	64.6	39.6	62.5
2010-07-05	45.8	100	62.5	58.3	56.2	64.6
2010-07-06	52.1	100	41.7	54.2	37.5	45.8
2010-07-07	79.2	100	35.4	41.7	29.2	47.9
2010-07-08	52.1	100	45.8	33.3	37.5	52.1
2010-07-09	64.6	100	50	41.7	43.8	41.7
2010-07-10	58.3	100	39.6	43.8	35.4	43.8
2010-07-11	64.6	100	52.1	35.4	29.2	50
2010-07-12	45.8	100	45.8	54.2	27.1	50
2010-07-13	62.5	100	54.2	50	45.8	39.6
2010-07-14	56.2	100	68.8	56.2	33.3	50
2010-07-15	64.6	100	60.4	62.5	31.2	56.2
2010-07-16	52.1	100	70.8	37.5	50	54.2
2010-07-17	60.4	100	68.8	47.9	43.8	41.7
2010-07-18	64.6	100	72.9	39.6	47.9	52.1
2010-07-19	72.9	100	33.3	58.3	37.5	43.8
2010-07-20	70.8	100	43.8	54.2	31.2	41.7
2010-07-21	58.3	100	66.7	54.2	50	47.9
2010-07-22	64.6	100	60.4	66.7	56.2	45.8
2010-07-23	31.2	100	68.8	60.4	52.1	56.2
2010-07-24	66.7	100	58.3	47.9	39.6	37.5
2010-07-25	50	100	56.2	50	41.7	35.4
2010-07-26	56.2	100	41.7	45.8	47.9	39.6
2010-07-27	66.7	100	56.2	56.2	56.2	35.4
2010-07-28	68.8	100	66.7	62.5	50	47.9
2010-07-29	60.4	100	66.7	56.2	47.9	39.6
2010-07-30	62.5	100	54.2	37.5	58.3	43.8
2010-07-31	56.2	100	47.9	62.5	54.2	43.8
2010-08-01	45.8	100	62.5	41.7	43.8	31.2
2010-08-02	52.1	100	54.2	41.7	50	52.1
2010-08-03	66.7	100	33.3	52.1	39.6	45.8
2010-08-04	68.8	100	43.8	58.3	54.2	45.8
2010-08-05	52.1	100	47.9	52.1	58.3	41.7
2010-08-06	52.1	100	56.2	56.2	39.6	47.9
2010-08-07	52.1	100	66.7	54.2	35.4	39.6
2010-08-08	52.1	100	62.5	45.8	27.1	62.5
2010-08-09	50	100	58.3	29.2	33.3	37.5
2010-08-10	62.5	100	52.1	58.3	47.9	56.2
2010-08-11	64.6	100	56.2	56.2	47.9	37.5
2010-08-12	64.6	100	56.2	41.7	41.7	41.7
2010-08-13	56.2	100	47.9	54.2	35.4	33.3
2010-08-14	45.8	100	41.7	31.2	12.5	27.1
2010-08-15	68.8	100	68.8	54.2	4.2	33.3
2010-08-16	50	100	58.3	45.8	6.2	31.2
2010-08-17	56.2	100	47.9	54.2	56.2	45.8
2010-08-18	52.1	100	58.3	45.8	25	47.9
2010-08-19	52.1	100	52.1	43.8	33.3	35.4
2010-08-20	64.6	100	56.2	62.5	27.1	37.5
2010-08-21	54.2	100	39.6	64.6	37.5	41.7
2010-08-22	45.8	100	41.7	43.8	39.6	31.2
2010-08-23	45.8	100	39.6	41.7	31.2	27.1
2010-08-24	45.8	100	64.6	37.5	37.5	47.9
2010-08-25	52.1	100	47.9	37.5	35.4	25
2010-08-26	45.8	100	37.5	33.3	27.1	31.2
2010-08-27	50	100	43.8	35.4	27.1	31.2
2010-08-28	37.5	100	39.6	43.8	33.3	27.1
2010-08-29	58.3	100	58.3	41.7	25	35.4
2010-08-30	37.5	100	58.3	37.5	22.9	37.5
2010-08-31	58.3	100	60.4	58.3	31.2	41.7
2010-09-01	22.9	100	64.6	43.8	4.2	33.3
2010-09-02	45.8	100	54.2	45.8	0	39.6
2010-09-03	58.3	100	39.6	50	41.7	33.3
2010-09-04	39.6	100	45.8	33.3	22.9	43.8
2010-09-05	62.5	100	35.4	41.7	33.3	33.3
2010-09-06	54.2	100	62.5	33.3	43.8	27.1
2010-09-07	58.3	100	37.5	29.2	37.5	45.8
2010-09-08	41.7	100	41.7	33.3	14.6	14.6
2010-09-09	60.4	100	29.2	52.1	41.7	35.4
2010-09-10	54.2	100	60.4	35.4	35.4	37.5
2010-09-11	54.2	100	62.5	37.5	25	35.4
2010-09-12	41.7	100	37.5	33.3	25	37.5
2010-09-13	45.8	100	41.7	31.2	22.9	20.8
2010-09-14	37.5	100	25	33.3	31.2	25
2010-09-15	43.8	100	47.9	45.8	35.4	25
2010-09-16	56.2	100	70.8	54.2	47.9	35.4
2010-09-17	43.8	100	33.3	29.2	16.7	35.4
2010-09-18	50	100	66.7	56.2	39.6	31.2
2010-09-19	8.3	100	27.1	12.5	2.1	4.2
2010-09-20	0	100	0	0	4.2	10.4
2010-09-21	14.6	100	18.8	22.9	20.8	20.8
2010-09-22	4.2	100	4.2	8.3	0	0
2010-09-23	2.1	100	6.2	0	14.6	20.8
2010-09-24	8.3	100	6.2	4.2	2.1	2.1
2010-09-25	4.2	100	8.3	4.2	56.2	16.7
2010-09-26	22.9	100	22.9	12.5	77.1	2.1
2010-09-27	8.3	100	10.4	0	37.5	8.3
2010-09-28	12.5	100	12.5	29.2	31.2	25
2010-09-29	41.7	100	8.3	29.2	16.7	29.2
2010-09-30	33.3	100	39.6	41.7	20.8	20.8
2010-10-01	35.4	100	39.6	29.2	33.3	20.8
2010-10-02	35.4	100	35.4	37.5	20.8	29.2
2010-10-03	41.7	100	43.8	41.7	39.6	33.3
2010-10-04	43.8	100	39.6	37.5	31.2	29.2
2010-10-05	31.2	100	43.8	43.8	33.3	35.4
2010-10-06	37.5	100	37.5	41.7	43.8	41.7
2010-10-07	29.2	100	35.4	43.8	56.2	18.8
2010-10-08	39.6	100	45.8	39.6	47.9	18.8
2010-10-09	47.9	100	25	35.4	16.7	33.3
2010-10-10	33.3	100	29.2	33.3	10.4	27.1
2010-10-11	31.2	100	35.4	39.6	6.2	27.1
2010-10-12	39.6	100	31.2	43.8	6.2	20.8
2010-10-13	33.3	100	25	31.2	29.2	33.3
2010-10-14	41.7	100	37.5	41.7	77.1	37.5
2010-10-15	29.2	100	35.4	22.9	56.2	22.9
2010-10-16	41.7	100	33.3	31.2	45.8	31.2
2010-10-17	33.3	100	25	27.1	58.3	29.2
2010-10-18	43.8	100	41.7	43.8	25	33.3
2010-10-19	37.5	100	29.2	35.4	6.2	37.5
2010-10-20	37.5	100	29.2	18.8	31.2	22.9
2010-10-21	33.3	100	20.8	20.8	10.4	20.8
2010-10-22	33.3	100	29.2	35.4	14.6	29.2
2010-10-23	37.5	100	50	37.5	25	22.9
2010-10-24	52.1	100	68.8	56.2	60.4	41.7
2010-10-25	45.8	100	52.1	41.7	20.8	12.5
2010-10-26	56.2	100	52.1	43.8	20.8	22.9
2010-10-27	47.9	100	33.3	29.2	18.8	31.2
2010-10-28	52.1	100	35.4	45.8	35.4	50
2010-10-29	39.6	100	33.3	22.9	16.7	33.3
2010-10-30	31.2	100	20.8	31.2	22.9	29.2
2010-10-31	31.2	100	16.7	39.6	18.8	16.7
2010-11-01	35.4	100	22.9	25	18.8	29.2
2010-11-02	31.2	100	20.8	25	18.8	16.7
2010-11-03	29.2	100	20.8	25	6.2	12.5
2010-11-04	29.2	100	22.9	35.4	18.8	22.9
2010-11-05	27.1	100	12.5	10.4	8.3	18.8
2010-11-06	31.2	100	20.8	37.5	18.8	18.8
2010-11-07	20.8	100	33.3	27.1	18.8	27.1
2010-11-08	27.1	100	25	29.2	8.3	18.8
2010-11-09	35.4	100	22.9	27.1	18.8	22.9
2010-11-10	18.8	100	18.8	14.6	12.5	22.9
2010-11-11	29.2	100	20.8	35.4	14.6	37.5
2010-11-12	43.8	100	22.9	47.9	20.8	25
2010-11-13	41.7	100	35.4	39.6	20.8	47.9
2010-11-14	25	100	22.9	27.1	8.3	16.7
2010-11-15	29.2	100	22.9	29.2	18.8	25
2010-11-16	16.7	100	16.7	18.8	8.3	20.8
2010-11-17	39.6	100	20.8	41.7	10.4	29.2
2010-11-18	27.1	100	16.7	37.5	29.2	16.7
2010-11-19	27.1	100	20.8	22.9	12.5	29.2
2010-11-20	27.1	100	25	29.2	12.5	16.7
2010-11-21	39.6	100	45.8	31.2	14.6	27.1
2010-11-22	25	100	22.9	20.8	10.4	25
2010-11-23	14.6	100	12.5	16.7	0	10.4
2010-11-24	45.8	100	25	60.4	20.8	20.8
2010-11-25	35.4	100	20.8	20.8	12.5	20.8
2010-11-26	20.8	100	41.7	18.8	29.2	25
2010-11-27	20.8	100	22.9	20.8	16.7	10.4
2010-11-28	20.8	100	27.1	14.6	16.7	12.5
2010-11-29	50	100	22.9	64.6	20.8	22.9
2010-11-30	18.8	100	29.2	33.3	27.1	25
2010-12-01	27.1	100	20.8	16.7	20.8	22.9
2010-12-02	33.3	100	25	37.5	10.4	43.8
2010-12-03	39.6	100	31.2	16.7	2.1	37.5
2010-12-04	58.3	100	25	43.8	20.8	37.5
2010-12-05	20.8	100	14.6	16.7	16.7	6.2
2010-12-06	25	100	31.2	27.1	14.6	31.2
2010-12-07	18.8	100	14.6	16.7	0	12.5
2010-12-08	8.3	100	22.9	12.5	0	16.7
2010-12-09	29.2	100	31.2	6.2	25	14.6
2010-12-10	14.6	100	25	0	39.6	22.9
2010-12-11	39.6	100	37.5	4.2	45.8	29.2
2010-12-12	20.8	100	16.7	0	100	16.7
2010-12-13	16.7	100	20.8	0	100	25
2010-12-14	25	100	43.8	4.2	100	10.4
2010-12-15	39.6	100	37.5	6.2	100	12.5
2010-12-16	45.8	100	33.3	0	100	16.7
2010-12-17	16.7	100	10.4	0	100	8.3
2010-12-18	12.5	100	6.2	0	100	10.4
2010-12-19	14.6	100	22.9	2.1	100	20.8
2010-12-20	43.8	100	52.1	4.2	100	18.8
2010-12-21	33.3	100	22.9	0	100	14.6
2010-12-22	27.1	100	22.9	0	100	18.8
2010-12-23	33.3	100	22.9	2.1	100	18.8
2010-12-24	37.5	100	29.2	2.1	100	27.1
2010-12-25	35.4	100	18.8	2.1	100	18.8
2010-12-26	25	100	18.8	2.1	100	14.6
2010-12-27	16.7	100	14.6	2.1	100	20.8
2010-12-28	8.3	100	6.2	2.1	100	8.3
2010-12-29	45.8	100	22.9	0	100	16.7
2010-12-30	25	100	39.6	0	100	8.3
2010-12-31	8.3	100	12.5	0	100	4.2
2011-01-01	14.6	10.4	12.5	0	100	6.2
2011-01-02	8.3	18.8	12.5	4.2	100	16.7
2011-01-03	8.3	25	16.7	0	100	4.2
2011-01-04	4.2	25	4.2	0	100	2.1
2011-01-05	22.9	33.3	25	0	100	6.2
2011-01-06	16.7	37.5	31.2	2.1	100	18.8
2011-01-07	22.9	31.2	22.9	2.1	100	16.7
2011-01-08	10.4	6.2	14.6	0	100	10.4
2011-01-09	6.2	10.4	22.9	0	100	6.2
2011-01-10	22.9	2.1	27.1	4.2	100	20.8
2011-01-11	25	2.1	35.4	6.2	100	6.2
2011-01-12	6.2	6.2	14.6	0	100	12.5
2011-01-13	6.2	16.7	20.8	0	100	2.1
2011-01-14	20.8	16.7	31.2	0	100	2.1
2011-01-15	0	6.2	20.8	2.1	100	4.2
2011-01-16	4.2	14.6	18.8	2.1	100	10.4
2011-01-17	27.1	27.1	33.3	2.1	100	10.4
2011-01-18	16.7	8.3	8.3	0	100	6.2
2011-01-19	0	10.4	16.7	0	100	18.8
2011-01-20	4.2	27.1	22.9	0	100	0
2011-01-21	100	8.3	18.8	2.1	100	0
2011-01-22	100	12.5	16.7	0	100	2.1
2011-01-23	100	14.6	10.4	0	100	8.3
2011-01-24	100	4.2	6.2	0	100	2.1
2011-01-25	100	18.8	31.2	2.1	97.9	12.5
2011-01-26	100	29.2	22.9	0	100	0
2011-01-27	100	14.6	10.4	0	100	4.2
2011-01-28	100	10.4	16.7	0	97.9	29.2
2011-01-29	100	4.2	6.2	2.1	100	2.1
2011-01-30	100	8.3	6.2	4.2	100	2.1
2011-01-31	100	8.3	75	0	100	4.2
2011-02-01	100	12.5	100	2.1	100	2.1
2011-02-02	100	10.4	100	27.1	100	20.8
2011-02-03	100	10.4	100	100	100	100
2011-02-04	100	12.5	100	100	100	100
2011-02-05	100	6.2	100	100	100	100
2011-02-06	100	4.2	100	100	100	100
2011-02-07	100	16.7	100	100	100	100
2011-02-08	100	10.4	100	100	100	100
2011-02-09	100	12.5	100	100	100	100
2011-02-10	100	12.5	100	100	100	100
2011-02-11	100	12.5	100	100	100	100
2011-02-12	100	10.4	100	100	100	100
2011-02-13	100	4.2	100	100	100	100
2011-02-14	100	31.2	100	100	100	100
2011-02-15	100	33.3	100	100	100	100
2011-02-16	100	25	100	100	100	100
2011-02-17	100	2.1	100	100	100	100
2011-02-18	100	2.1	100	100	100	100
2011-02-19	100	18.8	100	100	100	100
2011-02-20	100	18.8	100	100	100	100
2011-02-21	100	18.8	100	100	100	100
2011-02-22	100	18.8	100	100	100	100
2011-02-23	100	29.2	100	100	100	100
2011-02-24	100	25	100	100	100	100
2011-02-25	100	18.8	100	100	100	100
2011-02-26	100	31.2	100	100	100	100
2011-02-27	100	31.2	100	100	100	100
2011-02-28	100	14.6	100	100	100	100
2011-03-01	100	12.5	100	100	100	100
2011-03-02	100	14.6	100	100	100	100
2011-03-03	100	27.1	100	100	100	100
2011-03-04	100	29.2	100	100	100	100
2011-03-05	100	20.8	100	100	100	100
2011-03-06	100	6.2	100	100	100	100
2011-03-07	100	37.5	100	100	100	100
2011-03-08	100	31.2	100	100	100	100
2011-03-09	100	14.6	100	100	100	100
2011-03-10	100	12.5	100	100	100	100
2011-03-11	100	14.6	100	100	100	100
2011-03-12	100	14.6	100	100	100	100
2011-03-13	100	18.8	100	100	100	100
2011-03-14	100	56.2	100	100	100	100
2011-03-15	100	100	100	100	100	100
2011-03-16	100	100	72.9	97.9	64.6	62.5
2011-03-17	100	100	60.4	100	20.8	29.2
2011-03-18	100	100	27.1	100	16.7	27.1
2011-03-19	100	100	41.7	100	25	33.3
2011-03-20	100	100	56.2	100	22.9	31.2
2011-03-21	100	100	33.3	100	16.7	27.1
2011-03-22	100	100	37.5	100	35.4	33.3
2011-03-23	100	100	47.9	100	20.8	45.8
2011-03-24	100	100	64.6	100	29.2	33.3
2011-03-25	100	100	77.1	100	37.5	54.2
2011-03-26	100	100	60.4	100	29.2	35.4
2011-03-27	100	100	56.2	100	27.1	31.2
2011-03-28	100	100	43.8	100	27.1	33.3
2011-03-29	100	100	68.8	100	27.1	41.7
2011-03-30	100	100	60.4	100	29.2	31.2
2011-03-31	77.1	100	58.3	75	33.3	47.9
2011-04-01	58.3	100	41.7	31.2	35.4	37.5
2011-04-02	66.7	100	64.6	39.6	37.5	37.5
2011-04-03	64.6	100	33.3	29.2	37.5	33.3
2011-04-04	54.2	100	43.8	45.8	33.3	41.7
2011-04-05	58.3	100	45.8	29.2	41.7	33.3
2011-04-06	72.9	100	47.9	39.6	39.6	31.2
2011-04-07	56.2	100	54.2	47.9	50	43.8
2011-04-08	70.8	100	56.2	64.6	25	41.7
2011-04-09	62.5	100	58.3	37.5	41.7	35.4
2011-04-10	77.1	100	35.4	25	41.7	31.2
2011-04-11	75	100	64.6	35.4	35.4	27.1
2011-04-12	72.9	100	37.5	39.6	22.9	39.6
2011-04-13	72.9	100	37.5	37.5	29.2	22.9
2011-04-14	77.1	100	20.8	45.8	18.8	25
2011-04-15	79.2	100	58.3	52.1	29.2	31.2
2011-04-16	81.2	100	62.5	31.2	25	47.9
2011-04-17	79.2	100	60.4	45.8	29.2	29.2
2011-04-18	77.1	100	47.9	56.2	20.8	41.7
2011-04-19	60.4	100	35.4	29.2	8.3	10.4
2011-04-20	52.1	100	27.1	2.1	31.2	0
2011-04-21	66.7	100	22.9	4.2	35.4	31.2
2011-04-22	64.6	100	10.4	4.2	31.2	18.8
2011-04-23	58.3	100	10.4	6.2	31.2	6.2
2011-04-24	68.8	100	25	27.1	16.7	27.1
2011-04-25	68.8	100	8.3	14.6	35.4	45.8
2011-04-26	64.6	100	31.2	2.1	29.2	18.8
2011-04-27	58.3	100	12.5	4.2	18.8	22.9
2011-04-28	70.8	100	22.9	20.8	27.1	47.9
2011-04-29	68.8	100	35.4	37.5	27.1	35.4
2011-04-30	75	100	33.3	25	29.2	68.8
2011-05-01	66.7	100	58.3	33.3	47.9	100
2011-05-02	75	100	50	37.5	35.4	100
2011-05-03	52.1	100	56.2	27.1	27.1	100
2011-05-04	64.6	100	25	29.2	25	100
2011-05-05	79.2	100	58.3	43.8	33.3	100
2011-05-06	58.3	100	43.8	35.4	33.3	100
2011-05-07	72.9	100	43.8	35.4	25	100
2011-05-08	75	100	43.8	33.3	35.4	100
2011-05-09	85.4	100	47.9	45.8	27.1	100
2011-05-10	62.5	100	58.3	33.3	43.8	100
2011-05-11	87.5	100	25	39.6	29.2	100
2011-05-12	85.4	100	43.8	93.8	37.5	100
2011-05-13	77.1	100	64.6	100	31.2	100
2011-05-14	47.9	100	22.9	100	27.1	100
2011-05-15	47.9	100	20.8	100	2.1	100
2011-05-16	62.5	100	10.4	100	29.2	100
2011-05-17	60.4	100	16.7	100	18.8	100
2011-05-18	60.4	100	97.9	100	27.1	100
2011-05-19	62.5	100	100	100	27.1	100
2011-05-20	52.1	100	100	100	29.2	100
2011-05-21	54.2	100	100	100	31.2	100
2011-05-22	75	100	100	100	18.8	100
2011-05-23	70.8	100	100	100	37.5	100
2011-05-24	62.5	100	100	100	27.1	100
2011-05-25	56.2	100	100	100	14.6	100
2011-05-26	64.6	100	100	100	0	100
2011-05-27	52.1	100	100	100	18.8	100
2011-05-28	68.8	100	100	100	27.1	100
2011-05-29	56.2	100	100	100	14.6	100
2011-05-30	50	100	100	100	20.8	100
2011-05-31	56.2	100	100	100	25	100
2011-06-01	62.5	100	100	100	22.9	100
2011-06-02	50	100	100	100	27.1	100
2011-06-03	50	100	100	100	29.2	100
2011-06-04	68.8	100	100	100	31.2	100
2011-06-05	50	100	100	100	12.5	100
2011-06-06	54.2	100	100	100	12.5	100
2011-06-07	58.3	100	100	100	27.1	100
2011-06-08	79.2	100	100	100	72.9	100
2011-06-09	66.7	100	100	100	100	100
2011-06-10	70.8	100	100	100	100	100
2011-06-11	47.9	100	100	100	100	100
2011-06-12	60.4	100	100	100	100	100
2011-06-13	60.4	100	100	100	100	100
2011-06-14	62.5	100	100	100	100	100
2011-06-15	56.2	100	100	100	100	100
2011-06-16	62.5	100	100	100	100	100
2011-06-17	62.5	100	100	100	100	100
2011-06-18	56.2	100	100	100	100	100
2011-06-19	66.7	100	100	100	100	100
2011-06-20	72.9	100	100	100	100	100
2011-06-21	70.8	100	100	100	100	100
2011-06-22	47.9	100	100	100	100	100
2011-06-23	77.1	100	100	100	100	100
2011-06-24	85.4	100	100	100	100	100
2011-06-25	85.4	100	100	100	100	100
2011-06-26	87.5	100	100	100	100	100
2011-06-27	75	100	100	100	100	100
2011-06-28	83.3	100	100	100	100	100
2011-06-29	77.1	100	100	100	100	100
2011-06-30	81.2	100	100	100	100	100
2011-07-01	72.9	100	100	100	100	100
2011-07-02	83.3	100	100	100	100	100
2011-07-03	52.1	100	100	100	100	100
2011-07-04	66.7	100	100	100	100	100
2011-07-05	62.5	100	100	100	100	100
2011-07-06	68.8	100	100	100	100	100
2011-07-07	70.8	100	100	100	100	100
2011-07-08	85.4	100	100	100	100	100
2011-07-09	60.4	100	100	100	100	100
2011-07-10	72.9	100	100	100	100	100
2011-07-11	68.8	100	100	100	100	100
2011-07-12	68.8	100	100	100	100	100
2011-07-13	66.7	100	100	100	100	100
2011-07-14	83.3	100	100	100	100	100
2011-07-15	81.2	100	100	100	100	100
2011-07-16	75	100	100	100	100	100
2011-07-17	68.8	100	100	100	100	100
2011-07-18	66.7	100	100	100	100	100
2011-07-19	68.8	100	100	100	100	100
2011-07-20	64.6	100	100	100	100	100
2011-07-21	60.4	100	100	100	100	100
2011-07-22	68.8	100	100	100	100	100
2011-07-23	79.2	100	100	100	100	100
2011-07-24	56.2	100	100	100	100	100
2011-07-25	75	100	100	100	100	100
2011-07-26	70.8	100	100	100	100	100
2011-07-27	83.3	100	100	100	100	100
2011-07-28	81.2	100	100	100	100	100
2011-07-29	64.6	100	100	100	100	100
2011-07-30	79.2	100	100	100	100	100
2011-07-31	72.9	100	100	100	100	100
2011-08-01	62.5	100	100	100	100	100
2011-08-02	83.3	100	100	100	100	100
2011-08-03	83.3	100	100	100	100	100
2011-08-04	83.3	100	100	100	100	100
2011-08-05	79.2	100	100	100	100	100
2011-08-06	60.4	100	100	100	100	100
2011-08-07	68.8	100	100	100	100	100
2011-08-08	79.2	100	100	100	100	100
2011-08-09	72.9	100	100	100	100	100
2011-08-10	68.8	100	100	100	100	100
2011-08-11	60.4	100	100	100	100	100
2011-08-12	81.2	100	100	100	100	100
2012-04-03	0	0	0	0	0	100
2012-04-04	0	0	0	0	0	100
2012-04-05	0	0	0	0	0	100
2012-04-06	0	0	0	0	0	34.4
2012-04-07	0	0	0	0	0	0
2012-04-08	0	0	0	0	0	0
2012-04-09	0	0	0	0	0	0
2012-04-10	0	0	0	0	0	0
2012-04-11	0	0	0	0	0	0
2012-04-12	0	0	0	0	0	0
2012-04-13	0	0	0	0	0	0
2012-04-14	0	0	0	0	0	0
2012-04-15	0	0	0	0	0	0
2012-04-16	0	0	0	0	0	0
2012-04-17	0	0	0	0	0	0
2012-04-18	0	0	0	0	0	0
2012-04-19	0	0	0	0	0	0
2012-04-20	0	0	0	0	0	0
2012-04-21	0	0	0	0	0	0
2012-04-22	0	0	0	0	0	0
2012-04-23	0	0	0	0	0	0
2012-04-24	0	0	0	0	0	0
2012-04-25	0	0	0	0	0	0
2012-04-26	0	0	0	0	0	0
2012-04-27	0	0	0	0	0	0
2012-04-28	0	0	0	0	0	0
2012-04-29	0	0	0	0	0	0
2012-04-30	0	0	0	0	0	0
2012-05-01	0	0	0	0	0	0
2012-05-02	0	0	0	0	0	0
2012-05-03	0	0	0	0	0	0
2012-05-04	0	0	0	0	0	0
2012-05-05	0	0	0	0	0	0
2012-05-06	0	0	0	0	0	0
2012-05-07	0	0	0	0	0	0
2012-05-08	0	0	0	0	0	0
2012-05-09	0	0	0	0	0	0
2012-05-10	0	0	0	0	0	0
2012-05-11	0	0	0	0	0	0
2012-05-12	0	0	0	0	0	0
2012-05-13	0	0	0	0	0	0
2012-05-14	0	0	0	0	0	0
2012-05-15	0	0	0	0	0	0
2012-05-16	0	0	0	0	0	0
2012-05-17	0	0	0	0	0	0
2012-05-18	0	0	0	0	0	0
2012-05-19	0	0	0	0	0	0
2012-05-20	0	0	0	0	0	0
2012-05-21	0	0	0	0	0	0
2012-05-22	0	0	0	0	0	0
2012-05-23	0	0	0	0	0	0
2012-05-24	0	0	0	0	0	0
2012-05-25	0	0	0	0	0	0
2012-05-26	0	0	0	0	0	0
2012-05-27	0	0	0	0	0	0
2012-05-28	0	0	0	0	0	0
2012-05-29	0	0	0	0	0	0
2012-05-30	0	0	0	0	0	0
2012-05-31	0	0	0	0	0	0
2012-06-01	0	0	0	0	0	0
2012-06-02	0	0	0	0	0	0
2012-06-03	0	0	0	0	0	0
2012-06-04	0	0	0	0	0	0
2012-06-05	0	0	0	0	0	0
2012-06-06	0	0	0	0	0	0
2012-06-07	0	0	0	0	0	0
2012-06-08	0	0	0	0	0	0
2012-06-09	0	0	0	0	0	0
2012-06-10	0	0	0	0	0	0
2012-06-11	0	0	0	0	0	0
2012-06-12	0	0	0	0	0	0
2012-06-13	0	0	0	0	0	0
2012-06-14	0	0	0	0	0	0
2012-06-15	0	0	0	0	0	0
2012-06-16	0	0	0	0	0	0
2012-06-17	0	0	0	0	0	0
2012-06-18	0	0	0	0	0	0
2012-06-19	0	0	0	0	0	0
2012-06-20	0	0	0	0	0	0
2012-06-21	0	0	0	0	0	0
2012-06-22	0	0	0	0	0	0
2012-06-23	0	0	0	0	0	0
2012-06-24	0	0	0	0	0	0
2012-06-25	0	0	0	0	0	0
2012-06-26	0	0	0	0	0	0
2012-06-27	0	0	0	0	0	0
2012-06-28	0	0	0	0	0	0
2012-06-29	0	0	0	0	0	0
2012-06-30	0	0	0	0	0	0
2012-07-01	0	0	0	0	0	0
2012-07-02	0	0	0	0	0	0
2012-07-03	0	0	0	0	0	0
2012-07-04	0	0	0	0	0	0
2012-07-05	0	0	0	0	0	0
2012-07-06	0	0	0	0	0	0
2012-07-07	0	0	0	0	0	0
2012-07-08	0	0	0	0	0	0
2012-07-09	0	0	0	0	0	0
2012-07-10	0	0	0	0	0	0
2012-07-11	0	0	0	0	0	0
2012-07-12	0	0	0	0	0	0
2012-07-13	0	0	0	0	0	0
2012-07-14	0	0	0	0	0	0
2012-07-15	0	0	0	0	0	0
2012-07-16	0	0	0	0	0	0
2012-07-17	0	0	0	0	0	0
2012-07-18	0	0	0	0	0	0
2012-07-19	0	0	0	0	0	0
2012-07-20	0	0	0	0	0	0
2012-07-21	0	0	0	0	0	0
2012-07-22	0	0	0	0	0	0
2012-07-23	0	0	0	0	0	0
2012-07-24	0	0	0	0	0	0
2012-07-25	0	0	0	0	0	0
2012-07-26	0	0	0	0	0	0
2012-07-27	0	0	0	0	0	0
2012-07-28	0	0	0	0	0	0
2012-07-29	0	0	0	0	0	0
2012-07-30	0	0	0	0	0	0
2012-07-31	0	0	0	0	0	0
2012-08-01	0	0	0	0	0	0
2012-08-02	0	0	0	0	0	0
2012-08-03	0	0	0	0	0	0
2012-08-04	0	0	0	0	0	0
2012-08-05	0	0	0	0	0	0
2012-08-06	0	0	0	0	0	0
2012-08-07	0	0	0	0	0	0
2012-08-08	0	0	0	0	0	0
2012-08-09	0	0	0	0	0	0
2012-08-10	0	0	0	0	0	0
2012-08-11	0	0	0	0	0	0
2012-08-12	0	0	0	0	0	0
2012-08-13	0	0	0	0	0	0
2012-08-14	0	0	0	0	0	0
2012-08-15	0	0	0	0	0	0
2012-08-16	0	0	0	0	0	0
2012-08-17	0	0	0	0	0	0
2012-08-18	0	0	0	0	0	0
2012-08-19	0	0	0	0	0	0
2012-08-20	0	0	0	0	0	0
2012-08-21	0	0	0	0	0	0
2012-08-22	0	0	0	0	0	0
2012-08-23	0	0	0	0	0	0
2012-08-24	0	0	0	0	0	0
2012-08-25	0	0	0	0	0	0
2012-08-26	0	0	0	0	0	0
2012-08-27	0	0	0	0	0	0
2012-08-28	0	0	0	0	0	0
2012-08-29	0	0	0	0	0	0
2012-08-30	0	0	0	0	0	0
2012-08-31	0	0	0	0	0	0
2012-09-01	0	0	0	0	0	0
2012-09-02	0	0	0	0	0	0
2012-09-03	0	0	0	0	0	0
2012-09-04	0	0	0	0	0	0
2012-09-05	0	0	0	0	0	0
2012-09-06	0	0	0	0	0	0
2012-09-07	0	0	0	0	0	0
2012-09-08	0	0	0	0	0	0
2012-09-09	0	0	0	0	0	0
2012-09-10	0	0	0	0	0	0
2012-09-11	0	0	0	0	0	0
2012-09-12	0	0	0	0	0	0
2012-09-13	0	0	0	0	0	0
2012-09-14	0	0	0	0	0	0
2012-09-15	0	0	0	0	0	0
2012-09-16	0	0	0	0	0	0
2012-09-17	0	0	0	0	0	0
2012-09-18	0	0	0	0	0	0
2012-09-19	0	0	0	0	0	0
2012-09-20	0	0	0	0	0	0
2012-09-21	0	0	0	0	0	0
2012-09-22	0	0	0	0	0	0
2012-09-23	0	0	0	0	0	0
2012-09-24	0	0	0	0	0	0
2012-09-25	0	0	0	0	0	0
2012-09-26	0	0	0	0	0	0
2012-09-27	0	0	0	0	0	0
2012-09-28	0	0	0	0	0	0
2012-09-29	0	0	0	0	0	0
2012-09-30	0	0	0	0	0	0
2012-10-01	0	0	0	0	0	0
2012-10-02	0	0	0	0	0	0
2012-10-03	0	0	0	0	0	0
2012-10-04	0	0	0	0	0	0
2012-10-05	0	0	0	0	0	0
2012-10-06	0	0	0	0	0	0
2012-10-07	0	0	0	0	0	0
2012-10-08	0	0	0	0	0	0
2012-10-09	0	0	0	0	0	0
2012-10-10	0	0	0	0	0	0
2012-10-11	0	0	0	0	0	0
2012-10-12	0	0	0	0	0	0
2012-10-13	0	0	0	0	0	0
2012-10-14	0	0	0	0	0	0
2012-10-15	0	0	0	0	0	0
2012-10-16	0	0	0	0	0	0
2012-10-17	0	0	0	0	0	0
2012-10-18	0	0	0	0	0	0
2012-10-19	0	0	0	0	0	0
2012-10-20	0	0	0	0	0	0
2012-10-21	0	0	0	0	0	0
2012-10-22	0	0	0	0	0	0
2012-10-23	0	0	0	0	0	0
2012-10-24	0	0	0	0	0	0
2012-10-25	0	0	0	0	0	0
2012-10-26	0	0	0	0	0	0
2012-10-27	0	0	0	0	0	0
2012-10-28	0	0	0	0	0	0
2012-10-29	0	0	0	0	0	0
2012-10-30	0	0	0	0	0	0
2012-10-31	0	0	0	0	0	0
2012-11-01	0	0	0	0	0	0
2012-11-02	0	0	0	0	0	0
2012-11-03	0	0	0	0	0	0
2012-11-04	0	0	0	0	0	0
2012-11-05	0	0	0	0	0	0
2012-11-06	0	0	0	0	0	0
2012-11-07	0	0	0	0	0	0
2012-11-08	0	0	0	0	0	0
2012-11-09	0	0	0	0	0	0
2012-11-10	0	0	0	0	0	0
2012-11-11	0	0	0	0	0	0
2012-11-12	0	0	0	0	0	0
2012-11-13	0	0	0	0	0	0
2012-11-14	0	0	0	0	0	0
2012-11-15	0	0	0	0	0	0
2012-11-16	0	0	0	0	0	0
2012-11-17	0	0	0	0	0	0
2012-11-18	0	0	0	0	0	0
2012-11-19	0	0	0	0	0	0
2012-11-20	0	0	0	0	0	0
2012-11-21	0	0	0	0	0	0
2012-11-22	0	0	0	0	0	0
2012-11-23	0	0	0	0	0	0
2012-11-24	0	0	0	0	0	0
2012-11-25	0	0	0	0	0	0
2012-11-26	0	0	0	0	0	0
2012-11-27	0	0	0	0	0	0
2012-11-28	0	0	0	0	0	0
2012-11-29	0	0	0	0	0	0
2012-11-30	0	0	0	0	0	0
2012-12-01	0	0	0	0	0	0
2012-12-02	0	0	0	0	0	0
2012-12-03	5.1	7.7	5.1	2.6	2.6	2.6
2013-02-14	100	10.7	100	100	100	100
2013-02-15	100	0	100	100	100	100
2013-02-16	100	0	100	100	100	100
2013-02-17	100	0	100	100	100	100
2013-02-18	100	0	100	100	100	100
2013-02-19	100	0	100	100	100	100
2013-02-20	100	0	100	100	100	100
2013-02-21	100	0	100	100	100	100
2013-02-22	100	0	100	100	100	100
2013-02-23	100	0	100	100	100	100
2013-02-24	100	0	100	100	100	100
2013-02-25	100	0	100	100	100	100
2013-02-26	100	0	100	100	100	100
2013-02-27	100	0	100	100	100	100
2013-02-28	100	0	100	100	100	100
2013-03-01	100	0	100	100	100	100
2013-03-02	100	0	100	100	100	100
2013-03-03	100	0	100	100	100	100
2013-03-04	100	0	100	100	100	100
2013-03-05	100	0	100	100	100	100
2013-03-06	100	0	100	100	100	100
2013-03-07	100	0	100	100	100	100
2013-03-08	100	0	61.5	62.5	62.5	62.5
2013-03-09	71.9	0	0	0	0	0
2013-03-10	0	0	0	0	0	0
2013-03-11	0	0	0	0	0	0
2013-03-12	0	0	0	0	0	0
2013-03-13	0	0	0	0	0	0
2013-03-14	0	0	0	0	0	0
2013-03-15	0	0	0	0	0	0
2013-03-16	0	0	0	0	0	0
2013-03-17	0	0	0	0	0	0
2013-03-18	0	0	0	0	0	0
2013-03-19	0	0	0	0	0	0
2013-03-20	0	0	0	0	0	0
2013-03-21	0	0	0	0	0	0
2013-03-22	0	0	0	0	0	0
2013-03-23	0	0	0	0	0	0
2013-03-24	0	0	0	0	0	0
2013-03-25	0	0	0	0	0	0
2013-03-26	0	0	0	0	0	0
2013-03-27	0	0	0	0	0	0
2013-03-28	0	0	0	0	0	0
2013-03-29	0	0	0	0	0	0
2013-03-30	0	0	0	0	0	0
2013-03-31	0	0	0	0	0	0
2013-04-01	0	0	0	0	0	0
2013-04-02	0	0	0	0	0	0
2013-04-03	0	0	0	0	0	0
2013-04-04	0	0	0	0	0	0
2013-04-05	0	0	0	0	0	0
2013-04-06	0	0	0	0	0	0
2013-04-07	0	0	0	0	0	0
2013-04-08	0	0	0	0	0	0
2013-04-09	0	0	0	0	0	0
2013-04-10	0	0	0	0	0	0
2013-04-11	0	0	0	0	0	0
2013-04-12	0	0	0	0	0	0
2013-04-13	0	0	0	0	0	0
2013-04-14	0	0	0	0	0	0
2013-04-15	0	0	0	0	0	0
2013-04-16	0	0	0	0	0	0
2013-04-17	0	0	0	0	0	0
2013-04-18	0	0	0	0	0	0
2013-04-19	0	0	0	0	0	0
2013-04-20	0	0	0	0	0	0
2013-04-21	0	0	0	0	0	0
2013-04-22	0	0	0	0	0	0
2013-04-23	0	0	0	0	0	0
2013-04-24	0	0	0	0	0	0
2013-04-25	0	0	0	0	0	0
2013-04-26	0	0	0	0	0	0
2013-04-27	0	0	0	0	0	0
2013-04-28	0	0	0	0	0	0
2013-04-29	0	0	0	0	0	0
2013-04-30	0	0	0	0	0	0
2013-05-01	0	0	0	0	0	0
2013-05-02	0	0	0	0	0	0
2013-05-03	0	0	0	0	0	0
2013-05-04	0	0	0	0	0	0
2013-05-05	0	0	0	0	0	0
2013-05-06	0	0	0	0	0	0
2013-05-07	0	0	0	0	0	0
2013-05-08	0	0	0	0	0	0
2013-05-09	0	0	0	0	0	0
2013-05-10	0	0	0	0	0	0
2013-05-11	0	0	0	0	0	0
2013-05-12	0	0	0	0	0	0
2013-05-13	0	0	0	0	0	0
2013-05-14	0	0	0	0	0	0
2013-05-15	0	0	0	0	0	0
2013-05-16	0	0	0	0	0	0
2013-05-17	0	0	0	0	0	0
2013-05-18	0	0	0	0	0	0
2013-05-19	0	0	0	0	0	0
2013-05-20	0	0	0	0	0	0
2013-05-21	0	0	0	0	0	0
2013-05-22	0	0	0	0	0	0
2013-05-23	0	0	0	0	0	0
2013-05-24	0	0	0	0	0	0
2013-05-25	0	0	0	0	0	0
2013-05-26	0	0	0	0	0	0
2013-05-27	0	0	0	0	0	0
2013-05-28	0	0	0	0	0	0
2013-05-29	0	0	0	0	0	0
2013-05-30	0	0	0	0	0	0
2013-05-31	0	0	0	0	0	0
2013-06-01	0	0	0	0	0	0
2013-06-02	0	0	0	0	0	0
2013-06-03	0	0	0	0	0	0
2013-06-04	0	0	0	0	0	0
2013-06-05	0	0	0	0	0	0
2013-06-06	0	0	0	0	0	0
2013-06-07	0	0	0	0	0	0
2013-06-08	0	0	0	0	0	0
2013-06-09	0	0	0	0	0	0
2013-06-10	0	0	0	0	0	0
2013-06-11	0	0	0	0	0	0
2013-06-12	0	0	0	0	0	0
2013-06-13	0	0	0	0	0	0
2013-06-14	0	0	0	0	0	0
2013-06-15	0	0	0	0	0	0
2013-06-16	0	0	0	0	0	0
2013-06-17	0	0	0	0	0	0
2013-06-18	0	0	0	0	0	0
2013-06-19	0	0	0	0	0	0
2013-06-20	0	0	0	0	0	0
2013-06-21	0	0	0	0	0	0
2013-06-22	0	0	0	0	0	0
2013-06-23	0	0	0	0	0	0
2013-06-24	0	0	0	0	0	0
2013-06-25	0	0	0	0	0	0
2013-06-26	0	0	0	0	0	0
2013-06-27	0	0	0	0	0	0
2013-06-28	0	0	0	0	0	0
2013-06-29	0	0	0	0	0	0
2013-06-30	0	0	0	0	0	0
2013-07-01	0	0	0	0	0	0
2013-07-02	0	0	0	0	0	0
2013-07-03	0	0	0	0	0	0
2013-07-04	0	0	0	0	0	0
2013-07-05	0	0	0	0	0	0
2013-07-06	0	0	0	0	0	0
2013-07-07	0	0	0	0	0	0
2013-07-08	0	0	0	0	0	0
2013-07-09	67.7	67.7	67.7	67.7	67.7	67.7
2013-07-10	13.5	13.5	13.5	13.5	13.5	13.5
2013-07-11	0	0	0	0	0	0
2013-07-12	0	0	0	0	0	0
2013-07-13	0	0	0	0	0	0
2013-07-14	0	0	0	0	0	0
2013-07-15	0	0	0	0	0	0
2013-07-16	0	0	0	0	0	0
2013-07-17	0	0	0	0	0	0
2013-07-18	0	0	0	0	0	0
2013-07-19	0	0	0	0	0	0
2013-07-20	0	0	0	0	0	0
2013-07-21	0	0	0	0	0	0
2013-07-22	0	0	0	0	0	0
2013-07-23	0	0	0	0	0	0
2013-07-24	0	0	0	0	0	0
2013-07-25	0	0	0	0	0	0
2013-07-26	0	0	0	0	0	0
2013-07-27	0	0	0	0	0	0
2013-07-28	0	0	0	0	0	0
2013-07-29	0	0	0	0	0	0
2013-07-30	0	0	0	0	0	0
2013-07-31	0	0	0	0	0	0
2013-08-01	0	0	0	0	0	0
2013-08-02	0	0	0	0	0	0
2013-08-03	0	0	0	0	0	0
2013-08-04	0	0	0	0	0	0
2013-08-05	0	0	0	0	0	0
2013-08-06	0	0	0	0	0	0
2013-08-07	0	0	0	0	0	0
2013-08-08	0	0	0	0	0	0
2013-08-09	0	0	0	0	0	0
2013-08-10	0	0	0	0	0	0
2013-08-11	0	0	0	0	0	0
2013-08-12	0	0	0	0	0	0
2013-08-13	0	0	0	0	0	0
2013-08-14	0	0	0	0	0	0
2013-08-15	0	0	0	0	0	0
2013-08-16	0	0	0	0	0	0
2013-08-17	0	0	0	0	0	0
2013-08-18	0	0	0	0	0	0
2013-08-19	0	0	0	0	0	0
2013-08-20	0	0	0	0	0	0
2013-08-21	0	0	0	0	0	0
2013-08-22	0	0	0	0	0	0
2013-08-23	0	0	0	0	0	0
2013-08-24	0	0	0	0	0	0
2013-08-25	0	0	0	0	0	0
2013-08-26	0	0	0	0	0	0
2013-08-27	0	0	0	0	0	0
2013-08-28	0	0	0	0	0	0
2013-08-29	0	0	0	0	0	0
2013-08-30	0	0	0	0	0	0
2013-08-31	0	0	0	0	0	0
2013-09-01	0	0	0	0	0	0
2013-09-02	0	0	0	0	0	0
2013-09-03	0	0	0	0	0	0
2013-09-04	0	0	0	0	0	0
2013-09-05	0	0	0	0	0	0
2013-09-06	0	0	0	0	0	0
2013-09-07	0	0	0	0	0	0
2013-09-08	0	0	0	0	0	0
2013-09-09	0	0	0	0	0	0
2013-09-10	0	0	0	0	0	0
2013-09-11	0	0	0	0	0	0
2013-09-12	0	0	0	0	0	0
2013-09-13	0	0	0	0	0	0
2013-09-14	0	0	0	0	0	0
2013-09-15	0	0	0	0	0	0
2013-09-16	0	0	0	0	0	0
2013-09-17	0	0	0	0	0	0
2013-09-18	0	0	0	0	0	0
2013-09-19	0	0	0	0	0	0
2013-09-20	0	0	0	0	0	0
2013-09-21	0	0	0	0	0	0
2013-09-22	0	0	0	0	0	0
2013-09-23	0	0	0	0	0	0
2013-09-24	0	0	0	0	0	0
2013-09-25	0	0	0	0	0	0
2013-09-26	0	0	0	0	0	0
2013-09-27	0	0	0	0	0	0
2013-09-28	0	0	0	0	0	0
2013-09-29	0	0	0	0	0	0
2013-09-30	0	0	0	0	0	0
2013-10-01	0	0	0	0	0	0
2013-10-02	0	0	0	0	0	0
2013-10-03	0	0	0	0	0	0
2013-10-04	0	0	0	0	0	0
2013-10-05	0	0	0	0	0	0
2013-10-06	0	0	0	0	0	0
2013-10-07	0	0	0	0	0	0
2013-10-08	0	0	0	0	0	0
2013-10-09	0	0	0	0	0	0
2013-10-10	0	0	0	0	0	0
2013-10-11	0	0	0	0	0	0
2013-10-12	0	0	0	0	0	0
2013-10-13	0	0	0	0	0	0
2013-10-14	0	0	0	0	0	0
2013-10-15	0	0	0	0	0	0
2013-10-16	0	0	0	0	0	0
2013-10-17	0	0	0	0	0	0
2013-10-18	0	0	0	0	0	0
2013-10-19	0	0	0	0	0	0
2013-10-20	0	0	0	0	0	0
2013-10-21	0	0	0	0	0	0
2013-10-22	0	0	0	0	0	0
2013-10-23	0	0	0	0	0	0
2013-10-24	0	0	0	0	0	0
2013-10-25	0	0	0	0	0	0
2013-10-26	0	0	0	0	0	0
2013-10-27	0	0	0	0	0	0
2013-10-28	0	0	0	0	0	0
2013-10-29	0	0	0	0	0	0
2013-10-30	0	0	0	0	0	0
2013-10-31	0	0	0	0	0	0
2013-11-01	0	0	0	0	0	0
2013-11-02	0	0	0	0	0	0
2013-11-03	0	0	0	0	0	0
2013-11-04	0	0	0	0	0	0
2013-11-05	0	0	0	0	0	0
2013-11-06	0	0	0	0	0	0
2013-11-07	0	0	0	0	0	0
2013-11-08	0	0	0	0	0	0
2013-11-09	0	0	0	0	0	0
2013-11-10	0	0	0	0	0	0
2013-11-11	0	0	0	0	0	0
2013-11-12	0	0	0	0	0	0
2013-11-13	0	0	0	0	0	0
2013-11-14	0	0	0	0	0	0
2013-11-15	0	0	0	0	0	0
2013-11-16	0	0	0	0	0	0
2013-11-17	0	0	0	0	0	0
2013-11-18	0	0	0	0	0	0
2013-11-19	0	0	0	0	0	0
2013-11-20	0	0	0	0	0	0
2013-11-21	0	0	0	0	0	0
2013-11-22	0	0	0	0	0	0
2013-11-23	0	0	0	0	0	0
2013-11-24	0	0	0	0	0	0
2013-11-25	0	0	0	0	0	0
2013-11-26	0	0	0	0	0	0
2013-11-27	0	0	0	0	0	0
2013-11-28	0	0	0	0	0	0
2013-11-29	0	0	0	0	0	0
2013-11-30	0	0	0	0	0	0
2013-12-01	0	0	0	0	0	0
2013-12-02	0	0	0	0	0	0
2013-12-03	0	0	0	0	0	0
2013-12-04	95.8	0	0	0	0	0
2013-12-05	100	0	0	0	0	0
2013-12-06	100	0	0	0	0	0
2013-12-07	100	0	0	0	0	0
2013-12-08	100	0	0	0	0	0
2013-12-09	100	27.1	0	27.1	0	0
2013-12-10	100	100	0	100	0	0
2013-12-11	100	100	0	100	0	0
2014-01-01	0	100	100	100	100	100
2014-01-02	0	100	100	100	100	100
2014-01-03	0	100	100	100	100	100
2014-01-04	0	100	100	100	100	100
2014-01-05	0	100	100	100	100	100
2014-01-06	0	100	100	100	100	100
2014-01-07	0	100	100	100	100	100
2014-01-08	0	100	100	100	100	100
2014-01-09	0	100	100	100	100	100
2014-01-10	0	100	100	100	100	100
2014-01-11	0	100	100	100	100	100
2014-01-12	0	100	100	100	100	100
2014-01-13	0	100	100	100	100	100
2014-01-14	0	100	100	100	100	100
2014-01-15	0	100	100	100	100	100
2014-01-16	0	100	100	100	100	100
2014-01-17	0	100	100	100	100	100
2014-01-18	0	100	100	100	100	100
2014-01-19	0	100	100	100	100	100
2014-01-20	0	100	100	100	100	100
2014-01-21	0	100	100	100	100	100
2014-01-22	0	100	100	100	100	100
2014-01-23	0	100	100	100	100	100
2014-01-24	0	100	100	100	100	100
2014-01-25	0	100	100	100	100	100
2014-01-26	0	100	100	100	100	100
2014-01-27	0	100	100	100	100	100
2014-01-28	0	100	100	100	100	100
2014-01-29	0	100	100	100	100	100
2014-01-30	0	100	100	100	100	100
2014-01-31	0	100	100	100	100	100
2014-02-01	0	100	100	100	100	100
2014-02-02	0	100	100	100	100	100
2014-02-03	60.4	100	100	100	100	100
2014-02-04	26	100	100	100	100	100
2014-02-05	0	100	100	100	100	100
2014-02-06	0	100	100	100	100	100
2014-02-07	0	100	100	100	100	100
2014-02-08	0	100	100	100	100	100
2014-02-09	0	100	100	100	100	100
2014-02-10	0	100	100	100	100	100
2014-02-11	0	100	100	100	100	100
2014-02-12	0	100	100	100	100	100
2014-02-13	0	100	100	100	100	100
2014-02-14	0	100	100	100	100	100
2014-02-15	0	100	100	100	100	100
2014-02-16	0	100	100	100	100	100
2014-02-17	0	100	100	100	100	100
2014-02-18	0	100	100	100	100	100
2014-02-19	0	100	100	100	100	100
2014-02-20	0	100	100	100	100	100
2014-02-21	0	100	100	100	100	100
2014-02-22	0	100	100	100	100	100
2014-02-23	0	100	100	100	100	100
2014-02-24	0	100	100	100	100	100
2014-02-25	0	100	100	100	100	100
2014-02-26	0	100	100	100	100	100
2014-02-27	0	100	100	100	100	100
2014-02-28	0	100	100	100	100	100
2014-03-01	0	100	100	100	100	100
2014-03-02	0	100	100	100	100	100
2014-03-03	0	100	100	100	100	100
2014-03-04	0	100	100	100	100	100
2014-03-05	0	100	100	100	100	100
2014-03-06	0	100	100	100	100	100
2014-03-07	0	100	100	100	100	100
2014-03-08	0	100	100	100	100	100
2014-03-09	0	100	100	100	100	100
2014-03-10	0	100	100	100	100	100
2014-03-11	0	100	100	100	100	100
2014-03-12	0	100	100	100	100	100
2014-03-13	0	100	100	100	100	100
2014-03-14	0	100	100	100	100	100
2014-03-15	0	100	100	100	100	100
2014-03-16	0	100	100	100	100	100
2014-03-17	0	100	100	100	100	100
2014-03-18	0	100	100	100	100	100
2014-03-19	0	100	100	100	100	100
2014-03-20	0	100	100	100	100	100
2014-03-21	0	100	100	100	100	100
2014-03-22	0	100	100	100	100	100
2014-03-23	0	100	100	100	100	100
2014-03-24	0	100	100	100	100	100
2014-03-25	0	100	100	100	100	100
2014-03-26	0	100	100	100	100	100
2014-03-27	0	100	100	100	100	100
2014-03-28	0	100	100	100	100	100
2014-03-29	0	100	100	100	100	100
2014-03-30	0	100	100	100	100	100
2014-03-31	0	100	100	100	100	100
2014-04-01	0	100	100	100	100	100
2014-04-02	0	59.4	60.4	100	61.5	62.5
2014-04-03	0	0	0	100	0	0
2014-04-04	0	0	0	72.9	0	0
2014-04-05	0	0	0	0	0	0
2014-04-06	0	0	0	0	0	0
2014-04-07	0	0	0	0	0	0
2014-04-08	0	0	0	0	0	0
2014-04-09	0	0	0	0	0	0
2014-04-10	0	0	0	0	0	0
2014-04-11	0	0	0	0	0	0
2014-04-12	0	0	0	0	0	0
2014-04-13	0	0	0	0	0	0
2014-04-14	0	0	0	0	0	0
2014-04-15	0	0	0	0	0	0
2014-04-16	0	0	0	0	0	0
2014-04-17	0	0	0	0	0	0
2014-04-18	0	0	0	0	0	0
2014-04-19	0	0	0	0	0	0
2014-04-20	0	0	0	0	0	0
2014-04-21	0	0	0	0	0	0
2014-04-22	0	0	0	0	0	0
2014-04-23	0	0	0	0	0	0
2014-04-24	0	0	0	0	0	0
2014-04-25	0	0	0	0	0	0
2014-04-26	0	0	0	0	0	0
2014-04-27	0	0	0	0	0	0
2014-04-28	0	0	0	0	0	0
2014-04-29	0	0	0	0	0	0
2014-04-30	0	0	0	0	0	0
2014-05-01	0	0	0	0	0	0
2014-05-02	0	0	0	0	0	0
2014-05-03	0	0	0	0	0	0
2014-05-04	0	0	0	0	0	0
2014-05-05	0	0	0	0	0	0
2014-05-06	0	0	0	0	0	0
2014-05-07	0	0	0	0	0	0
2014-05-08	0	0	0	0	0	0
2014-05-09	0	0	0	0	0	0
2014-05-10	0	0	0	0	0	0
2014-05-11	0	0	0	0	0	0
2014-05-12	0	0	0	0	0	0
2014-05-13	0	0	0	0	0	0
2014-05-14	0	0	0	0	0	0
2014-05-15	0	0	0	0	0	0
2014-05-16	0	0	0	0	0	0
2014-05-17	0	0	0	0	0	0
2014-05-18	0	0	0	0	0	0
2014-05-19	0	0	0	0	0	0
2014-05-20	0	0	0	0	0	0
2014-05-21	0	0	0	0	0	0
2014-05-22	0	0	0	0	0	0
2014-05-23	0	0	0	0	0	0
2014-05-24	0	0	0	0	0	0
2014-05-25	0	0	0	0	0	0
2014-05-26	0	0	0	0	0	0
2014-05-27	0	0	0	0	0	0
2014-05-28	0	0	0	0	0	0
2014-05-29	0	0	0	0	0	0
2014-05-30	0	0	0	0	0	0
2014-05-31	0	0	0	0	0	0
2014-06-01	0	0	0	0	0	0
2014-06-02	0	0	0	0	0	0
2014-06-03	0	0	0	0	0	0
2014-06-04	0	0	0	0	0	0
2014-06-05	0	0	0	0	0	0
2014-06-06	0	0	0	0	0	0
2014-06-07	0	0	0	0	0	0
2014-06-08	0	0	0	0	0	0
2014-06-09	0	0	0	0	0	0
2014-06-10	0	0	0	0	0	0
2014-06-11	0	0	0	0	0	0
2014-06-12	0	0	0	0	0	0
2014-06-13	0	0	0	0	0	0
2014-06-14	0	0	0	0	0	0
2014-06-15	0	0	0	0	0	0
2014-06-16	0	0	0	0	0	0
2014-06-17	0	0	0	0	0	0
2014-06-18	0	0	0	0	0	0
2014-06-19	0	0	0	0	0	0
2014-06-20	0	0	0	0	0	0
2014-06-21	0	0	0	0	0	0
2014-06-22	0	0	0	0	0	0
2014-06-23	0	0	0	0	0	0
2014-06-24	0	0	0	0	0	0
2014-06-25	0	0	0	0	0	0
2014-06-26	0	0	0	0	0	0
2014-06-27	0	0	0	0	0	0
2014-06-28	0	0	0	0	0	0
2014-06-29	0	0	0	0	0	0
2014-06-30	0	0	0	0	0	0
2014-07-01	0	0	0	0	0	0
2014-07-02	0	0	0	0	0	0
2014-07-03	0	0	0	0	0	0
2014-07-04	0	0	0	0	0	0
2014-07-05	0	0	0	0	0	0
2014-07-06	0	0	0	0	0	0
2014-07-07	0	0	0	0	0	0
2014-07-08	0	0	0	0	0	0
2014-07-09	0	0	0	0	0	0
2014-07-10	0	0	0	0	0	0
2014-07-11	0	0	0	0	0	0
2014-07-12	0	0	0	0	0	0
2014-07-13	0	0	0	0	0	0
2014-07-14	0	0	0	0	0	0
2014-07-15	0	0	0	0	0	0
2014-07-16	0	0	0	0	0	0
2014-07-17	0	0	0	0	0	0
2014-07-18	0	0	0	0	0	0
2014-07-19	0	0	0	0	0	0
2014-07-20	0	0	0	0	0	0
2014-07-21	0	0	0	0	0	0
2014-07-22	0	0	0	0	0	0
2014-07-23	0	0	0	0	0	0
2014-07-24	0	0	0	0	0	0
2014-07-25	0	0	0	0	0	0
2014-07-26	0	0	0	0	0	0
2014-07-27	0	0	0	0	0	0
2014-07-28	0	0	0	0	0	0
2014-07-29	0	0	0	0	0	0
2014-07-30	0	0	0	0	0	0
2014-07-31	0	0	0	0	0	0
2014-08-01	0	0	0	0	0	0
2014-08-02	0	0	0	0	0	0
2014-08-03	0	0	0	0	0	0
2014-08-04	0	0	0	0	0	0
2014-08-05	0	0	0	0	0	0
2014-08-06	0	0	0	0	0	0
2014-08-07	0	0	0	0	0	0
2014-08-08	0	0	0	0	0	0
2014-08-09	0	0	0	0	0	0
2014-08-10	0	0	0	0	0	0
2014-08-11	0	0	0	0	0	0
2014-08-12	0	0	0	0	0	0
2014-08-13	0	0	0	0	0	0
2014-08-14	0	0	0	0	0	0
2014-08-15	0	0	0	0	0	0
2014-08-16	0	0	0	0	0	0
2014-08-17	0	0	0	0	0	0
2014-08-18	0	0	0	0	0	0
2014-08-19	0	0	0	0	0	0
2014-08-20	0	0	0	0	0	0
2014-08-21	0	0	0	0	0	0
2014-08-22	0	0	0	0	0	0
2014-08-23	0	0	0	0	0	0
2014-08-24	0	0	0	0	0	0
2014-08-25	0	0	0	0	0	0
2014-08-26	0	0	0	0	0	0
2014-08-27	0	0	0	0	0	0
2014-08-28	0	0	0	0	0	0
2014-08-29	0	0	0	0	0	0
2014-08-30	0	0	0	0	0	0
2014-08-31	0	0	0	0	0	0
2014-09-01	0	0	0	0	0	0
2014-09-02	0	0	0	0	0	0
2014-09-03	0	0	0	0	0	0
2014-09-04	0	0	0	0	0	0
2014-09-05	0	0	0	0	0	0
2014-09-06	0	0	0	0	0	0
2014-09-07	0	0	0	0	0	0
2014-09-08	0	0	0	0	0	0
2014-09-09	0	0	0	0	0	0
2014-09-10	0	0	0	0	0	0
2014-09-11	0	0	0	0	0	0
2014-09-12	0	0	0	0	0	0
2014-09-13	0	0	0	0	0	0
2014-09-14	0	0	0	0	0	0
2014-09-15	0	0	0	0	0	0
2014-09-16	0	0	0	0	0	0
2014-09-17	0	0	0	0	0	0
2014-09-18	0	0	0	0	0	0
2014-09-19	0	0	0	0	0	0
2014-09-20	0	0	0	0	0	0
2014-09-21	0	0	0	0	0	0
2014-09-22	0	0	0	0	0	0
2014-09-23	0	0	0	0	0	0
2014-09-24	0	0	0	0	0	0
2014-09-25	0	0	0	0	0	0
2014-09-26	0	0	0	0	0	0
2014-09-27	0	0	0	0	0	0
2014-09-28	0	0	0	0	0	0
2014-09-29	0	0	0	0	0	0
2014-09-30	0	0	0	0	0	0
2014-10-01	0	0	0	0	0	0
2014-10-02	0	0	0	0	0	0
2014-10-03	0	0	0	0	0	0
2014-10-04	0	0	0	0	0	0
2014-10-05	0	0	0	0	0	0
2014-10-06	0	0	0	0	0	0
2014-10-07	0	0	0	0	0	0
2014-10-08	0	0	0	0	0	0
2014-10-09	0	0	0	0	0	0
2014-10-10	0	0	0	0	0	0
2014-10-11	0	0	0	0	0	0
2014-10-12	0	0	0	0	0	0
2014-10-13	0	0	0	0	0	0
2014-10-14	0	0	0	0	0	0
2014-10-15	0	0	0	0	0	0
2014-10-16	0	0	0	0	0	0
2014-10-17	0	0	0	0	0	0
2014-10-18	0	0	0	0	0	0
2014-10-19	0	0	0	0	0	0
2014-10-20	0	0	0	0	0	0
2014-10-21	0	0	0	0	0	0
2014-10-22	0	0	0	0	0	0
2014-10-23	0	0	0	0	0	0
2014-10-24	0	0	0	0	0	0
2014-10-25	0	0	0	0	0	0
2014-10-26	0	0	0	0	0	0
2014-10-27	0	0	0	0	0	0
2014-10-28	0	0	0	0	0	0
2014-10-29	0	0	0	0	0	0
2014-10-30	0	0	0	0	0	0
2014-10-31	0	0	0	0	0	0
2014-11-01	0	0	0	0	0	0
2014-11-02	50	0	50	50	50	50
2014-11-03	50	0	50	50	50	50
2014-11-04	0	0	0	0	0	0
2014-11-05	0	0	0	0	0	0
2014-11-06	0	0	0	0	0	0
2014-11-07	0	0	0	0	0	0
2014-11-08	0	0	0	0	0	0
2014-11-09	0	0	0	0	0	0
2014-11-10	0	0	0	0	0	0
2014-11-11	22.4	22.4	22.4	22.4	22.4	22.4
2015-03-12	100	7.5	7.5	7.5	100	100
2015-03-13	100	0	0	0	100	100
2015-03-14	100	0	0	0	100	100
2015-03-15	100	0	0	0	100	100
2015-03-16	39.6	0	0	0	100	100
2015-03-17	0	0	0	0	51	100
2015-03-18	0	0	0	0	0	100
2015-03-19	0	0	0	0	0	100
2015-03-20	0	0	0	0	0	100
2015-03-21	0	0	0	0	0	100
2015-03-22	0	0	0	0	0	100
2015-03-23	0	0	0	0	0	100
2015-03-24	0	0	0	0	0	100
2015-03-25	0	0	0	0	0	100
2015-03-26	0	0	0	0	0	100
2015-03-27	0	0	0	0	0	100
2015-03-28	0	0	0	0	0	100
2015-03-29	0	0	0	0	0	100
2015-03-30	0	0	0	0	0	100
2015-03-31	0	0	0	0	0	100
2015-04-01	0	0	0	0	0	100
2015-04-02	0	0	0	0	0	100
2015-04-03	0	0	0	0	0	100
2015-04-04	0	0	0	0	0	100
2015-04-05	0	0	0	0	0	100
2015-04-06	0	0	0	0	0	100
2015-04-07	0	0	0	0	0	100
2015-04-08	9.4	9.4	9.4	9.4	9.4	100
2015-04-09	0	0	0	0	0	100
2015-04-10	0	0	0	0	0	100
2015-04-11	0	0	0	0	0	100
2015-04-12	0	0	0	0	0	100
2015-04-13	0	0	0	0	0	100
2015-04-14	0	0	0	0	0	100
2015-04-15	0	0	0	0	0	100
2015-04-16	0	0	0	0	0	100
2015-04-17	0	0	0	0	0	100
2015-04-18	0	0	0	0	0	100
2015-04-19	0	0	0	0	0	100
2015-04-20	0	0	0	0	0	100
2015-04-21	0	0	0	0	0	60.4
2015-04-22	0	0	0	0	0	0
2015-04-23	0	0	0	0	0	0
2015-04-24	0	0	0	0	0	0
2015-04-25	0	0	0	54.2	69.8	64.6
2015-04-26	0	0	0	100	100	100
2015-04-27	0	0	0	100	100	100
2015-04-28	0	0	0	100	100	100
2015-04-29	0	0	0	100	100	100
2015-04-30	0	0	0	100	100	100
2015-05-01	0	0	0	100	100	100
2015-05-02	0	0	0	100	100	100
2015-05-03	0	0	0	100	100	100
2015-05-04	18.8	18.8	18.8	100	100	100
2015-05-05	33.3	33.3	33.3	100	100	100
2015-05-06	8.3	8.3	8.3	44.8	44.8	45.8
2015-05-07	0	0	0	0	0	0
2015-05-08	0	0	0	0	0	0
2015-05-09	0	0	0	0	0	0
2015-05-10	0	0	0	0	0	0
2015-05-11	0	0	0	0	0	0
2015-05-12	0	0	0	0	0	0
2015-05-13	0	0	0	0	0	0
2015-05-14	0	0	0	0	0	0
2015-05-15	0	0	0	0	0	0
2015-05-16	0	0	0	0	0	0
2015-05-17	0	0	0	0	0	0
2015-05-18	0	0	0	0	0	0
2015-05-19	0	0	0	0	0	0
2015-05-20	0	0	0	0	0	0
2015-05-21	0	0	0	0	0	0
2015-05-22	0	0	0	0	0	0
2015-05-23	0	0	0	0	0	0
2015-05-24	0	0	0	0	0	0
2015-05-25	0	0	0	0	0	0
2015-05-26	0	0	0	0	0	0
2015-05-27	0	0	0	0	0	0
2015-05-28	0	0	0	0	0	0
2015-05-29	0	0	0	0	0	0
2015-05-30	0	0	0	0	0	0
2015-05-31	0	0	0	0	0	0
2015-06-01	0	0	0	0	0	0
2015-06-02	0	0	0	0	0	0
2015-06-03	0	0	0	0	0	0
2015-06-04	0	0	0	0	0	0
2015-06-05	0	0	0	0	0	0
2015-06-06	0	0	0	0	0	0
2015-06-07	0	0	0	0	0	0
2015-06-08	0	0	0	0	0	0
2015-06-09	0	0	0	0	0	0
2015-06-10	0	0	0	0	0	0
2015-06-11	0	0	0	0	0	0
2015-06-12	0	0	0	0	0	0
2015-06-13	0	0	0	0	0	0
2015-06-14	0	0	0	0	0	0
2015-06-15	0	0	0	0	0	0
2015-06-16	0	0	0	0	0	0
2015-06-17	0	0	0	0	0	0
2015-06-18	0	0	0	0	0	0
2015-06-19	0	0	0	0	0	0
2015-06-20	0	0	0	0	0	0
2015-06-21	0	0	0	0	0	0
2015-06-22	0	0	0	0	0	0
2015-06-23	0	0	0	0	0	0
2015-06-24	0	0	0	0	0	0
2015-06-25	0	0	0	0	0	0
2015-06-26	0	0	0	0	0	0
2015-06-27	0	0	0	0	0	0
2015-06-28	0	0	0	0	0	0
2015-06-29	0	0	0	0	0	0
2015-06-30	0	0	0	0	0	0
2015-07-01	0	0	0	0	0	0
2015-07-02	0	0	0	0	0	0
2015-07-03	0	0	0	0	0	0
2015-07-04	0	0	0	0	0	0
2015-07-05	0	0	0	0	0	0
2015-07-06	0	0	0	0	0	0
2015-07-07	0	0	0	0	0	0
2015-07-08	0	0	0	0	0	0
2015-07-09	0	0	0	0	0	0
2015-07-10	0	0	0	0	0	0
2015-07-11	0	0	0	0	0	0
2015-07-12	0	0	0	0	0	0
2015-07-13	0	0	0	0	0	0
2015-07-14	0	0	0	0	0	0
2015-07-15	0	0	0	0	0	0
2015-07-16	0	0	0	0	0	0
2015-07-17	0	0	0	0	0	0
2015-07-18	0	0	0	0	0	0
2015-07-19	0	0	0	0	0	0
2015-07-20	0	0	0	0	0	0
2015-07-21	0	0	0	0	0	0
2015-07-22	0	0	0	0	0	0
2015-07-23	0	0	0	0	0	0
2015-07-24	0	0	0	0	0	0
2015-07-25	0	0	0	0	0	0
2015-07-26	0	0	0	0	0	0
2015-07-27	0	0	0	0	0	0
2015-07-28	0	0	0	0	0	0
2015-07-29	0	0	0	0	0	0
2015-07-30	0	0	0	0	0	0
2015-07-31	0	0	0	0	0	0
2015-08-01	0	0	0	0	0	0
2015-08-02	0	0	0	0	0	0
2015-08-03	0	0	0	0	0	0
2015-08-04	0	0	0	0	0	0
2015-08-05	0	0	0	0	0	0
2015-08-06	0	0	0	0	0	0
2015-08-07	0	0	0	0	0	0
2015-08-08	0	0	0	0	0	0
2015-08-09	0	0	0	0	0	0
2015-08-10	0	0	0	0	0	0
2015-08-11	0	0	0	0	0	0
2015-08-12	0	0	0	0	0	0
2015-08-13	0	0	0	0	0	0
2015-08-14	0	0	0	0	0	0
2015-08-15	0	0	0	0	0	0
2015-08-16	0	0	0	0	0	0
2015-08-17	0	0	0	0	0	0
2015-08-18	0	0	0	0	0	0
2015-08-19	0	0	0	0	0	0
2015-08-20	0	0	0	0	0	0
2015-08-21	0	0	0	0	0	0
2015-08-22	0	0	0	0	0	0
2015-08-23	0	0	0	0	0	0
2015-08-24	0	0	0	0	0	0
2015-08-25	0	0	0	0	0	0
2015-08-26	0	0	0	0	0	0
2015-08-27	0	0	0	0	0	0
2015-08-28	0	0	0	0	0	0
2015-08-29	0	0	0	0	0	0
2015-08-30	0	0	0	0	0	0
2015-08-31	0	0	0	0	0	0
2015-09-01	0	0	0	0	0	0
2015-09-02	0	0	0	0	0	0
2015-09-03	0	0	0	0	0	0
2015-09-04	0	0	0	0	0	0
2015-09-05	0	0	0	0	0	0
2015-09-06	0	0	0	0	0	0
2015-09-07	0	0	0	0	0	0
2015-09-08	0	0	0	0	0	0
2015-09-09	0	0	0	0	0	0
2015-09-10	0	0	0	0	0	0
2015-09-11	0	0	0	0	0	0
2015-09-12	0	0	0	0	0	0
2015-09-13	0	0	0	0	0	0
2015-09-14	0	0	0	0	0	0
2015-09-15	0	0	0	0	0	0
2015-09-16	0	0	0	0	0	0
2015-09-17	0	0	0	0	0	0
2015-09-18	0	0	0	0	0	0
2015-09-19	0	0	0	0	0	0
2015-09-20	0	0	0	0	0	0
2015-09-21	0	0	0	0	0	0
2015-09-22	0	0	0	0	0	0
2015-09-23	0	0	0	0	0	0
2015-09-24	0	0	0	0	0	0
2015-09-25	0	0	0	0	0	0
2015-09-26	0	0	0	0	0	0
2015-09-27	0	0	0	0	0	0
2015-09-28	0	0	0	0	0	0
2015-09-29	0	0	0	0	0	0
2015-09-30	0	0	0	0	0	0
2015-10-01	0	0	0	0	0	0
2015-10-02	0	0	0	0	0	0
2015-10-03	0	0	0	0	0	0
2015-10-04	0	0	0	0	0	0
2015-10-05	0	0	0	0	0	0
2015-10-06	0	0	0	0	0	0
2015-10-07	0	0	0	0	0	0
2015-10-08	0	0	0	0	0	0
2015-10-09	0	0	0	0	0	0
2015-10-10	0	0	0	0	0	0
2015-10-11	0	0	0	0	0	0
2015-10-12	0	0	0	0	0	0
2015-10-13	0	0	0	0	0	0
2015-10-14	0	0	0	0	0	0
2015-10-15	0	0	0	0	0	0
2015-10-16	0	0	0	0	0	0
2015-10-17	0	0	0	0	0	0
2015-10-18	0	0	0	0	0	0
2015-10-19	0	0	0	0	0	0
2015-10-20	0	0	0	0	0	0
2015-10-21	0	0	0	0	0	0
2015-10-22	0	0	0	0	0	0
2015-10-23	0	0	0	0	0	0
2015-10-24	0	0	0	0	0	0
2015-10-25	0	0	0	0	0	0
2015-10-26	0	0	0	0	0	0
2015-10-27	0	0	0	0	0	0
2015-10-28	0	0	0	0	0	0
2015-10-29	0	0	0	0	0	0
2015-10-30	0	0	0	0	0	0
2015-10-31	0	0	0	0	0	0
2015-11-01	0	0	0	0	0	0
2015-11-02	0	0	0	0	0	0
2015-11-03	0	0	0	0	0	0
2015-11-04	0	0	0	0	0	0
2015-11-05	0	0	0	0	0	0
2015-11-06	0	0	0	0	0	0
2015-11-07	0	0	0	0	0	0
2015-11-08	0	0	0	0	0	0
2015-11-09	0	0	0	0	0	0
2015-11-10	0	0	0	0	0	0
2015-11-11	0	0	0	0	0	0
2015-11-12	0	0	0	0	0	0
2015-11-13	0	0	0	0	0	0
2015-11-14	0	0	0	0	0	0
2015-11-15	0	0	0	0	0	0
2015-11-16	0	0	0	0	0	0
2015-11-17	0	0	0	0	0	0
2015-11-18	0	0	0	0	0	0
2015-11-19	0	0	0	60.4	0	60.4
2015-11-20	0	0	0	100	0	100
2015-11-21	0	0	0	100	0	100
2015-11-22	0	0	0	100	0	100
2015-11-23	0	0	0	100	0	100
2015-11-24	0	0	0	100	0	100
2015-11-25	0	0	0	100	0	100
2015-11-26	0	0	0	100	0	100
2015-11-27	0	0	0	100	0	100
2015-11-28	0	0	0	100	0	100
2015-11-29	0	0	0	100	0	100
2015-11-30	0	0	0	100	0	100
2015-12-01	0	0	0	100	0	100
2015-12-02	0	0	0	100	0	100
2015-12-03	0	0	0	100	0	100
2015-12-04	0	0	0	100	0	100
2015-12-05	0	0	0	100	0	100
2015-12-06	0	0	0	100	0	100
2015-12-07	0	0	0	100	0	100
2015-12-08	0	0	0	100	0	100
2015-12-09	0	0	0	100	0	100
2015-12-10	0	0	0	100	0	100
2015-12-11	0	0	0	100	0	100
2015-12-12	0	0	0	100	0	100
2015-12-13	0	0	0	100	0	100
2015-12-14	0	0	0	100	0	100
2015-12-15	0	0	0	100	0	100
2015-12-16	0	0	0	100	0	100
2015-12-17	0	0	0	100	0	100
2015-12-18	0	0	0	100	0	100
2015-12-19	0	0	0	100	0	100
2015-12-20	0	0	0	100	0	100
2015-12-21	0	0	0	100	0	100
2015-12-22	0	0	0	100	0	100
2015-12-23	0	0	0	100	0	100
2015-12-24	0	0	0	100	0	100
2015-12-25	0	0	0	100	0	100
2015-12-26	0	0	0	100	0	100
2015-12-27	0	0	0	100	0	100
2015-12-28	0	0	0	100	0	100
2015-12-29	0	0	0	100	0	100
2015-12-30	40.6	0	0	100	0	100
2015-12-31	100	0	0	100	0	100
