"Date"	"S1"	"S2"	"S3"	"S4"	"S5"	"S6"
2007-05-01	0.063	0.132	0.029	0.234	0.046	0.011
2007-05-02	0.013	0.107	0.018	0.158	0.032	0.01
2007-05-03	0.009	0.104	0.021	0.107	0.026	0.01
2007-05-04	0.085	0.088	0.083	0.193	0.058	0.064
2007-05-05	0.243	0.166	0.154	0.413	0.104	0.069
2007-05-06	0.597	0.263	0.227	0.602	0.268	0.29
2007-05-07	0.735	0.55	0.339	1.124	0.374	0.34
2007-05-08	0.142	0.286	0.132	0.597	0.142	0.05
2007-05-09	0.075	0.173	0.094	0.413	0.088	0.01
2007-05-10	0.033	0.123	0.063	0.281	0.057	0.004
2007-05-11	0.005	0.086	0.034	0.181	0.039	0.004
2007-05-12	0.001	0.058	0.017	0.102	0.027	0.003
2007-05-13	0.001	0.043	0.003	0.049	0.021	0.002
2007-05-14	0	0.043	0.053	0.045	0.021	0.002
2007-05-15	0	0.033	0.057	0.047	0.014	0.001
2007-05-16	0.002	0.008	0.039	0.043	0.009	0.001
2007-05-17	0.003	0	0.026	0.042	0.006	0
2007-05-18	0.003	0.002	0.026	0.06	0.006	0
2007-05-19	0.003	0.001	0.026	0.056	0.006	0
2007-05-20	0.003	0.003	0.019	0.034	0.004	0
2007-05-21	0.003	0.004	0.012	0.024	0.004	0
2007-05-22	0.002	0.005	0.008	0.024	0.003	0
2007-05-23	0.002	0.002	0.008	0.021	0.002	0
2007-05-24	0.002	0.002	0.008	0.017	0.001	0
2007-05-25	0.001	0.002	0.008	0.014	0	0
2007-05-26	0.085	0.031	0.217	0.036	0.062	0.029
2007-05-27	0.749	0.307	0.906	0.666	0.399	0.242
2007-05-28	0.13	0.17	0.344	0.334	0.129	0.005
2007-05-29	0.043	0.101	0.205	0.191	0.067	0
2007-05-30	0.01	0.071	0.141	0.107	0.044	0
2007-05-31	0.944	0.407	0.871	0.844	0.629	0.392
2007-06-01	0.877	0.448	0.212	0.225	0.385	0.392
2007-06-02	1.468	1.186	0.67	0.813	1.29	1.025
2007-06-03	1.391	1.628	1.515	1.555	1.668	1.311
2007-06-04	0.471	0.414	0.104	0.117	0.405	0.082
2007-06-05	0.168	0.196	0.012	0.01	0.214	0.005
2007-06-06	0.108	0.13	0.009	0	0.157	0
2007-06-07	0.053	0.117	0.007	0	0.131	0
2007-06-08	0.004	0.069	0.006	0	0.078	0
2007-06-09	0.002	0.056	0.006	0	0.063	0
2007-06-10	0.002	0.053	0.006	0	0.06	0
2007-06-11	0.002	0.043	0.006	0	0.047	0
2007-06-12	0.002	0.038	0.006	0	0.038	0
2007-06-13	0.002	0.034	0.006	0.003	0.033	0
2007-06-14	0.002	0.029	0.005	0.005	0.028	0
2007-06-15	0.002	0.025	0.005	0.006	0.024	0
2007-06-16	0.002	0.02	0.005	0.006	0.019	0
2007-06-17	0.002	0.019	0.005	0.006	0.015	0
2007-06-18	0.002	0.018	0.005	0.006	0.014	0
2007-06-19	0.001	0.012	0.005	0.006	0.008	0
2007-06-20	0.001	0.011	0.005	0.007	0.006	0
2007-06-21	0.122	0.073	0.005	0.007	0.087	0.08
2007-06-22	1.729	1.46	1.216	1.207	1.449	1.385
2007-06-23	1.91	1.897	1.915	1.915	1.904	1.91
2007-06-24	0.743	1.005	0.521	0.64	1.024	0.427
2007-06-25	0.264	0.276	0.01	0.007	0.287	0.006
2007-06-26	0.063	0.155	0.006	0.008	0.171	0
2007-06-27	0.01	0.109	0.006	0.009	0.116	0
2007-06-28	0.002	0.083	0.005	0.008	0.088	0
2007-06-29	0.002	0.064	0.005	0.007	0.066	0
2007-06-30	0.002	0.052	0.005	0.007	0.053	0
2007-07-01	0.002	0.04	0.005	0.007	0.038	0
2007-07-02	0.002	0.032	0.005	0.007	0.031	0
2007-07-03	0.002	0.027	0.005	0.007	0.027	0
2007-07-04	0.002	0.021	0.005	0.007	0.02	0
2007-07-05	0.002	0.014	0.005	0.008	0.012	0
2007-07-06	0.002	0.01	0.005	0.007	0.008	0
2007-07-07	0.002	0.008	0.005	0.008	0.005	0
2007-07-08	0.002	0.005	0.005	0.008	0.003	0
2007-07-09	0.002	0.003	0.005	0.008	0.001	0
2007-07-10	0.001	0.001	0.005	0.008	0	0
2007-07-11	0.001	0	0.004	0.007	0	0
2007-07-12	0.001	0	0.004	0.007	0	0
2007-07-13	0.001	0	0.004	0.007	0	0
2007-07-14	0.001	0	0.004	0.007	0	0
2007-07-15	0.001	0	0.004	0.006	0	0
2007-07-16	0.001	0	0.004	0.006	0	0
2007-07-17	0.001	0	0.004	0.006	0	0
2007-07-18	0.001	0	0.004	0.007	0	0
2007-07-19	0.138	0.049	0.004	0.007	0.039	0.004
2007-07-20	0.002	0.021	0.004	0.007	0.007	0
2007-07-21	0.002	0.009	0.004	0.007	0.001	0
2007-07-22	0.002	0.004	0.004	0.007	0	0
2007-07-23	0.002	0.002	0.004	0.007	0	0
2007-07-24	0.001	0	0.004	0.007	0	0
2007-07-25	0.001	0	0.004	0.007	0	0
2007-07-26	0.001	0	0.004	0.007	0	0
2007-07-27	0.002	0	0.004	0.007	0	0
2007-07-28	0.005	0	0.004	0.007	0	0
2007-07-29	0.009	0	0.004	0.007	0	0
2007-07-30	0.014	0	0.005	0.007	0	0
2007-07-31	0.02	0.001	0.001	0.007	0	0
2007-08-01	0	0	0	0.007	0	0
2007-08-02	0.037	0.008	0	0.007	0	0
2007-08-03	0.047	0.015	0	0.007	0	0
2007-08-04	0.06	0.027	0	0.006	0	0
2007-08-05	0.074	0.042	0	0.008	0	0
2007-08-06	0.09	0.062	0	0.008	0	0
2007-08-07	0.108	0.086	0	0.009	0	0
2007-08-08	0.128	0.116	0	0.048	0.087	0
2007-08-09	0.151	0.151	0	0.843	1.208	0
2007-08-10	0.194	0.214	0.005	0.008	0.175	0
2007-08-11	0.008	0.081	0.005	0.009	0.058	0
2007-08-12	0.002	0.034	0.005	0.009	0.025	0
2007-08-13	0.002	0.014	0.005	0.009	0.01	0
2007-08-14	0.002	0.005	0.005	0.009	0.002	0
2007-08-15	0.002	0.002	0.005	0.009	0	0
2007-08-16	0.002	0	0.005	0.009	0	0
2007-08-17	0.002	0	0.005	0.009	0	0
2007-08-18	0.002	0	0.005	0.008	0	0
2007-08-19	0.002	0.016	0.005	0.009	0.028	0
2007-08-20	0.07	0.08	0.005	0.009	0.085	0
2007-08-21	0.661	0.222	0.005	0.009	0.215	0.024
2007-08-22	0.087	0.127	0.005	0.01	0.096	0
2007-08-23	0.211	0.108	0.005	0.009	0.115	0
2007-08-24	1.372	1.269	1.086	0.956	1.388	1.001
2007-08-25	0.784	0.528	0.375	0.339	0.752	0.233
2007-08-26	0.184	0.207	0.006	0.007	0.195	0.001
2007-08-27	0.025	0.095	0.004	0.007	0.085	0
2007-08-28	0.003	0.046	0.004	0.007	0.032	0
2007-08-29	0.003	0.021	0.004	0.007	0.016	0
2007-08-30	0.002	0.01	0.004	0.007	0.007	0
2007-08-31	0.002	0.006	0.003	0.007	0.002	0
2007-09-01	0.002	0.002	0.003	0.006	0	0
2007-09-02	0.001	0.001	0.001	0.006	0	0
2007-09-03	0.001	0	0	0.006	0	0
2007-09-04	0.001	0	0	0.006	0	0
2007-09-05	0.001	0	0.001	0.006	0	0
2007-09-06	0.002	0	0.001	0.005	0	0
2007-09-07	0.002	0	0.002	0.006	0	0
2007-09-08	0.002	0	0.002	0.005	0	0
2007-09-09	0.002	0	0.002	0.004	0	0
2007-09-10	0.001	0	0.002	0.004	0	0
2007-09-11	0.001	0	0.002	0.003	0	0
2007-09-12	0.001	0	0.001	0.003	0	0
2007-09-13	0.001	0	0.001	0.003	0	0
2007-09-14	0.001	0	0.001	0.003	0	0
2007-09-15	0.001	0	0.001	0.002	0	0
2007-09-16	0.001	0	0.001	0.002	0	0
2007-09-17	0.001	0	0.001	0.002	0	0
2007-09-18	0.001	0	0.001	0.002	0	0
2007-09-19	0.001	0	0.001	0.002	0	0
2007-09-20	0.001	0	0.001	0.002	0	0
2007-09-21	0.001	0	0.001	0.002	0	0
2007-09-22	0.001	0	0.001	0.002	0	0
2007-09-23	0	0	0.001	0.001	0	0
2007-09-24	0.001	0	0.001	0.002	0	0
2007-09-25	0.001	0	0.001	0.002	0	0
2007-09-26	0	0	0	0.001	0	0
2007-09-27	0	0	0	0.001	0	0
2007-09-28	0	0	0	0.001	0	0
2007-09-29	0	0	0	0.001	0	0
2007-09-30	0	0	0	0.001	0	0
2007-10-01	0	0.013	0	0.001	0	0
2007-10-02	0	0.02	0	0.001	0	0
2007-10-03	0	0.027	0	0	0.002	0
2007-10-04	0	0.029	0	0	0.008	0
2007-10-05	0	0.017	0	0	0.006	0
2007-10-06	0	0.028	0	0.001	0.009	0
2007-10-07	0	0.017	0	0.001	0.005	0
2007-10-08	0	0.015	0	0.001	0.003	0
2007-10-09	0	0.012	0	0	0.002	0
2007-10-10	0	0.01	-0.001	0	0.001	0
2007-10-11	0	0.008	0.001	0	0	0
2007-10-12	0	0.007	0	0	0	0
2007-10-13	0	0.006	0	0	0	0
2007-10-14	0	0.005	0	0	0	0
2007-10-15	0	0.005	0	0	0	0
2007-10-16	0	0.004	0	0	0	0
2007-10-17	0.229	0.214	0.17	0.19	0.215	0.238
2007-10-18	1.867	1.897	1.915	1.915	1.897	1.91
2007-10-19	0.91	0.975	0.648	0.591	0.98	0.562
2007-10-20	0.257	0.352	0.009	0.006	0.309	0.005
2007-10-21	0.076	0.155	0.006	0.007	0.183	0
2007-10-22	0.003	0.082	0.004	0.006	0.101	0
2007-10-23	0.003	0.065	0.005	0.005	0.076	0
2007-10-24	0.003	0.043	0.004	0.005	0.055	0
2007-10-25	0.003	0.037	0.003	0.005	0.043	0
2007-10-26	0.004	0.03	0.004	0.005	0.033	0
2007-10-27	0.003	0.019	0.003	0.004	0.021	0
2007-10-28	0.003	0.014	0.003	0.004	0.014	0
2007-10-29	0.003	0.015	0.003	0.004	0.011	0
2007-10-30	0.003	0.014	0.003	0.004	0.011	0
2007-10-31	0.003	0.009	0.003	0.004	0.005	0
2007-11-01	0.002	0.006	0.002	0.003	0.001	0
2007-11-02	0.002	0.005	0.002	0.003	0.001	0
2007-11-03	0.002	0.005	0.002	0.003	0	0
2007-11-04	0.002	0.006	0.002	0.003	0	0
2007-11-05	0.002	0.004	0.002	0.002	0	0
2007-11-06	0.002	0.002	0.001	0.002	0	0
2007-11-07	0.002	0.002	0.001	0.002	0	0
2007-11-08	0.002	0.003	0.001	0.002	0	0
2007-11-09	0.002	0.001	0.001	0.002	0	0
2007-11-10	0.002	0.001	0.001	0.001	0	0
2007-11-11	0.003	0.001	0.001	0.002	0	0
2007-11-12	0.002	0	0.001	0.002	0	0
2007-11-13	0.002	0.001	0.001	0.001	0	0
2007-11-14	0.002	0	0.001	0.001	0	0
2007-11-15	0.002	0	0.001	0.001	0	0
2007-11-16	0.002	0	0.001	0.001	0	0
2007-11-17	0.002	0	0	0.001	0	0
2007-11-18	0.002	0	0	0.001	0	0
2007-11-19	0.002	0	0	0.001	0	0
2007-11-20	0.002	0	0	0.001	0	0
2007-11-21	0.001	0	0	0.001	0	0
2007-11-22	0.002	0	0	0	0	0
2007-11-23	0.002	0	0	0	0	0
2007-11-24	0.002	0	0	0	0	0
2007-11-25	0.002	0	0	0	0	0
2007-11-26	0.002	0	0	0	0.001	0
2007-11-27	0.002	0	0	0	0.014	0
2007-11-28	0.002	0	0	0	0.012	0
2007-11-29	0.001	0	0	0	0.026	0
2007-11-30	0	0	0	0	0	0
2007-12-01	0	0	0	0	0	0
2007-12-02	0	0	0	0	0	0
2007-12-03	0	0	0	0	0	0
2007-12-04	0	0.002	0	0	0	0
2007-12-05	0	0.004	0	0	0	0
2007-12-06	0	0.007	0	0	0	0
2007-12-07	0	0.013	0	0	0	0
2007-12-08	0	0.02	0	0	0	0
2007-12-09	0	0.028	0	0	0	0
2007-12-10	0	0.039	0	0	0	0
2007-12-11	0	0.052	0	0	0	0
2007-12-12	0	0.067	0	0	0	0
2007-12-13	0	0.111	0	0	0.117	0
2007-12-14	0	0.06	0	0	0.928	0
2007-12-15	0	0.054	0	0	0.053	0
2007-12-16	0	0.033	0	0	0.058	0
2007-12-17	0	0.031	0	0	0.116	0
2007-12-18	0	0.023	0	0	0.235	0
2007-12-19	0	0.015	0	0	0.403	0
2007-12-20	0	0.015	0	0	0	0
2007-12-21	0	0.021	0	0	0	0
2007-12-22	0	0.174	0	0	0.199	0
2007-12-23	0	0.194	0	0	1.274	0
2007-12-24	0	0.12	0	0	0.317	0
2007-12-25	0	0.092	0	0	0.219	0
2007-12-26	0	0.07	0	0	0.174	0
2007-12-27	0	0.051	0	0	0.6	0
2007-12-28	0	0.038	0	0	0.327	0
2007-12-29	0	0.024	0	0	0.418	0
2007-12-30	0	0.027	0	0	0.336	0
2007-12-31	0	0.048	0	0	0.634	0
2008-01-07	0	0	0	0	0	0.481
2008-01-08	0	0	0	0	0	0.397
2008-01-09	0	0	0	0	0	0.043
2008-01-10	0	0	0	0	0	0.029
2008-01-11	0	0	0	0	0	0.07
2008-01-12	0	0	0	0	0	0.077
2008-01-13	0	0	0	0	0	0.032
2008-01-14	0	0	0	0	0	0.009
2008-01-15	0	0	0	0	0	0
2008-01-16	0	0	0	0	0	0
2008-01-17	0	0	0	0	0	0
2008-01-18	0	0	0	0	0	0
2008-01-19	0	0	0	0	0	0
2008-01-20	0	0	0	0	0	0
2008-01-21	0	0	0	0	0	0
2008-01-22	0	0	0	0	0	0
2008-01-23	0	0	0	0	0	0
2008-01-24	0	0	0	0	0	0
2008-01-25	0	0	0	0	0	0
2008-01-26	0	0	0	0	0	0
2008-01-27	0	0	0	0	0	0
2008-01-28	0	0	0	0	0	0
2008-01-29	0	0	0	0	0	0
2008-01-30	0	0	0	0	0	0
2008-01-31	0	0	0	0	0	0
2008-02-01	0	0	0	0	0	0
2008-02-02	0	0	0	0	0	0
2008-02-03	0	0	0	0	0	0
2008-02-04	0	0	0	0	0	0
2008-02-05	0	0	0	0	0	0
2008-02-06	0	0	0	0	0	0
2008-02-07	0	0	0	0	0	0
2008-02-08	0	0	0	0	0	0
2008-02-09	0	0	0	0	0	0
2008-02-10	0	0	0	0	0	0
2008-02-11	0	0	0	0	0	0
2008-02-12	0	0	0	0	0	0
2008-02-13	0	0	0	0	0	0
2008-02-14	0	0	0	0	0	0
2008-02-15	0	0	0	0	0	0
2008-02-16	0	0	0	0	0	0
2008-02-17	0	0	0	0	0	0
2008-02-18	0	0	0	0	0	0
2008-02-19	0	0	0	0	0	0
2008-02-20	0	0	0	0	0	0
2008-02-21	0	0	0	0	0	0
2008-02-22	0	0	0	0	0	0
2008-02-23	0	0	0	0	0	0
2008-02-24	0	0	0	0	0	0
2008-02-25	0	0	0	0	0	0
2008-02-26	0	0	0	0	0	0
2008-02-27	0	0	0	0	0	0
2008-02-28	0	0	0	0	0	0
2008-02-29	0	0	0	0	0	0
2008-03-01	0	0	0	0	0	0.039
2008-03-02	0	0	0	0	0	0
2008-03-03	0	0	0	0	0	0
2008-03-04	0	0	0	0	0	0
2008-03-05	0	0	0	0	0	0
2008-03-06	0	0	0	0	0	0
2008-03-07	0	0	0	0	0	0
2008-03-08	0	0	0	0	0	0
2008-03-09	0	0	0	0	0	0
2008-03-10	0	0	0	0	0	0
2008-03-11	0	0	0	0	0	0
2008-03-12	0	0	0	0	0	0
2008-03-13	0	0	0	0	0	0
2008-03-14	0	0	0	0	0	0
2008-03-15	0	0	0	0	0	0
2008-03-16	0	0	0	0	0	0
2008-03-17	0	0	0	0	0	0
2008-03-18	0	0	0	0	0	0
2008-03-19	0	0	0	0	0	0
2008-03-20	0	0	0	0	0	0
2008-03-21	0	0	0	0	0	0
2008-03-22	0	0	0	0	0	0
2008-03-23	0	0	0	0	0	0
2008-03-24	0	0	0	0	0	0
2008-03-25	0	0.016	0.021	0.177	0	0.212
2008-03-26	0	0.032	0.039	0.532	0	0.038
2008-03-27	0	0.025	0.041	0.221	0	0.015
2008-03-28	0	0.018	0.037	0.871	0	0.066
2008-03-29	0	0.019	0.04	0.542	0	0.008
2008-03-30	0	0.019	0.039	0	0	0.012
2008-03-31	0	0.023	0.038	0	0	0.022
2008-04-01	0	0.012	0.033	0.585	0	0.026
2008-04-02	0	0.013	0.033	0.642	0	0.015
2008-04-03	0	0.019	0.037	0.152	0	0.007
2008-04-04	0	0.016	0.035	0.015	0	0.031
2008-04-05	0	0.017	0.035	0.052	0	0.014
2008-04-06	0	0.016	0.033	0	0	0.007
2008-04-07	0	0.014	0.031	0.07	0	0.021
2008-04-08	0.405	0.433	0.038	0.136	0	0.594
2008-04-09	0.692	0.623	0.075	0.335	0	0.499
2008-04-10	0.696	0.557	0.085	0.003	0	0.428
2008-04-11	0.594	0.549	0.075	0	0	0.292
2008-04-12	0.269	0.335	0.065	0.238	0	0.05
2008-04-13	0.121	0.22	0.064	0.633	0	0.018
2008-04-14	0.041	0.157	0.636	0.501	0	0.002
2008-04-15	0.017	0.12	0.796	0	0	0
2008-04-16	0.001	0.087	0.36	0	0	0
2008-04-17	0	0.056	0.204	0.008	0	0.021
2008-04-18	0.292	0.158	0.697	0.328	0	0.28
2008-04-19	0.456	0.378	1.112	0.757	0	0.344
2008-04-20	0.112	0.223	0.66	0.315	0	0.091
2008-04-21	0.026	0.135	0.39	0.113	0	0.025
2008-04-22	0.001	0.1	0.246	0.021	0	0.023
2008-04-23	0	0.065	0.179	0.011	0	0.018
2008-04-24	0	0.058	0.15	0.011	0	0.024
2008-04-25	0.333	0.232	0.585	0.364	0	0.444
2008-04-26	0.451	0.427	1.037	0.782	0	0.319
2008-04-27	0.067	0.214	0.472	0.24	0	0.056
2008-04-28	0.015	0.119	0.331	0.091	0	0.03
2008-04-29	0	0.097	0.19	0.014	0	0.024
2008-04-30	0	0.07	0.163	0.014	0	0.022
2008-05-01	0	0.051	0.122	0.01	0.11	0.019
2008-05-02	0	0.046	0.095	0.01	0.092	0.021
2008-05-03	0	0.029	0.042	0.01	0.07	0.021
2008-05-04	0	0.019	0.032	0.009	0.046	0.019
2008-05-05	0	0.021	0.031	0.009	0.037	0.022
2008-05-06	0	0.021	0.028	0.007	0.031	0.018
2008-05-07	0	0.019	0.024	0.006	0.04	0.021
2008-05-08	0	0.017	0.03	0.006	0.021	0.017
2008-05-09	0	0.014	0.026	0.006	0.012	0.018
2008-05-10	0	0.015	0.024	0.006	0.01	0.021
2008-05-11	1.586	1.622	1.652	1.627	1.649	1.693
2008-05-12	0.831	1.515	1.712	1.582	1.626	1.207
2008-05-13	0.209	0.415	1.013	0.71	0.522	0.127
2008-05-14	0.033	0.175	0.419	0.148	0.24	0.022
2008-05-15	0.002	0.1	0.252	0.019	0.162	0.019
2008-05-16	0	0.074	0.196	0.009	0.144	0.023
2008-05-17	0	0.061	0.157	0.006	0.108	0.015
2008-05-18	0	0.038	0.092	0.004	0.083	0.013
2008-05-19	0	0.036	0.077	0.01	0.08	0.02
2008-05-20	0	0.027	0.035	0.002	0.054	0.013
2008-05-21	0	0.022	0.02	0.005	0.044	0.011
2008-05-22	0	0.017	0.022	0.003	0.034	0.012
2008-05-23	0	0.016	0.019	0.006	0.024	0.015
2008-05-24	0	0.016	0.018	0.006	0.018	0.012
2008-05-25	0	0.019	0.013	0.005	0.02	0.011
2008-05-26	0	0.034	0.03	0.003	0.059	0.009
2008-05-27	0	0.04	0.04	0.003	0.066	0.009
2008-05-28	0	0.038	0.028	0.003	0.071	0.007
2008-05-29	0	0.041	0.029	0.002	0.066	0.007
2008-05-30	0.197	0.146	0.255	0.114	0.243	0.069
2008-05-31	0.067	0.189	0.257	0.114	0.264	0.024
2008-06-01	0.004	0.11	0.126	0.011	0.153	0.002
2008-06-02	0	0.088	0.083	0	0.133	0.001
2008-06-03	0.519	0.319	0.504	0.374	0.461	0.319
2008-06-04	0.274	0.35	0.561	0.258	0.454	0.067
2008-06-05	0.052	0.157	0.146	0.038	0.24	0.005
2008-06-06	0.088	0.14	0.003	0	0.204	0.011
2008-06-07	0.033	0.119	0.003	0	0.225	0.001
2008-06-08	0.001	0.097	0.002	0	0.155	0
2008-06-09	0.219	0.144	0.002	0	0.262	0.004
2008-06-10	0.239	0.235	0.003	0	0.338	0.014
2008-06-11	0.067	0.186	0.004	0	0.309	0.001
2008-06-12	0.179	0.292	0.095	0.099	0.376	0.135
2008-06-13	1.581	1.897	1.877	1.896	1.897	1.765
2008-06-14	0.534	0.679	0.012	0.17	0.774	0.156
2008-06-15	0.107	0.322	0.006	0	0.386	0.009
2008-06-16	0.019	0.164	0.005	0	0.278	0.001
2008-06-17	0	0.105	0.002	0	0.184	0
2008-06-18	0	0.086	0.002	0	0.142	0
2008-06-19	0	0.063	0.002	0	0.117	0
2008-06-20	0	0.046	0.002	0	0.096	0
2008-06-21	0	0.041	0.002	0	0.084	0
2008-06-22	0	0.031	0.002	0	0.058	0
2008-06-23	0	0.027	0.001	0	0.043	0
2008-06-24	0	0.021	0.001	0	0.032	0
2008-06-25	0	0.021	0.001	0	0.028	0
2008-06-26	0	0.122	0.001	0	0.223	0.002
2008-06-27	0.157	0.181	0.002	0	0.272	0.022
2008-06-28	0.015	0.141	0.004	0	0.224	0.001
2008-06-29	0	0.101	0.003	0	0.162	0.001
2008-06-30	0	0.062	0.001	0	0.116	0
2008-07-01	0	0.049	0.001	0	0.095	0
2008-07-02	0	0.043	0.002	0	0.078	0
2008-07-03	0	0.047	0.001	0	0.088	0
2008-07-04	0	0.042	0.001	0	0.076	0
2008-07-05	0	0.036	0.001	0	0.059	0
2008-07-06	0	0.032	0.001	0	0.046	0
2008-07-07	0	0.025	0.001	0	0.033	0
2008-07-08	0.008	0.116	0.001	0	0.146	0.001
2008-07-09	0.026	0.154	0.001	0	0.192	0.002
2008-07-10	0	0.098	0.001	0	0.133	0
2008-07-11	0	0.065	0.001	0	0.094	0
2008-07-12	0	0.042	0.001	0	0.074	0
2008-07-13	0	0.034	0.001	0	0.05	0
2008-07-14	0	0.024	0.001	0	0.034	0
2008-07-15	0	0.017	0.001	0	0.015	0
2008-07-16	0	0.012	0.001	0	0.005	0
2008-07-17	0	0.013	0.001	0	0.001	0
2008-07-18	0	0.009	0.001	0	0	0
2008-07-19	0	0.006	0.001	0	0	0
2008-07-20	0	0.004	0.001	0	0	0
2008-07-21	0	0.006	0.001	0	0	0
2008-07-22	0	0.006	0.001	0	0	0
2008-07-23	0	0.003	0.001	0	0	0
2008-07-24	0	0.002	0.001	0	0	0
2008-07-25	0	0.002	0.001	0	0	0
2008-07-26	0	0.001	0.001	0	0	0
2008-07-27	0	0	0.001	0	0	0
2008-07-28	0	0	0.001	0	0	0
2008-07-29	0	0	0.001	0	0	0
2008-07-30	0	0	0.001	0	0	0
2008-07-31	0	0	0.001	0	0	0
2008-08-01	0	0	0.001	0	0	0
2008-08-02	0	0	0.001	0	0	0
2008-08-03	0	0	0.001	0	0	0
2008-08-04	0	0	0.001	0	0	0
2008-08-05	0	0	0.001	0	0	0
2008-08-06	0	0	0.001	0	0	0
2008-08-07	0	0	0.001	0	0	0
2008-08-08	0	0	0.001	0	0	0.001
2008-08-09	0	0	0.001	0.001	0	0.003
2008-08-10	0	0	0.001	0	0	0.002
2008-08-11	0	0	0.001	0	0	0.002
2008-08-12	0	0	0.001	0	0	0.002
2008-08-13	0	0	0.001	0	0	0.002
2008-08-14	0	0	0.001	0	0	0.002
2008-08-15	0	0	0	0	0	0.002
2008-08-16	0	0	0	0	0	0.002
2008-08-17	0	0	0	0	0	0.002
2008-08-18	0	0	0	0	0	0.002
2008-08-19	0	0	0	0	0	0.001
2008-08-20	0	0	0	0	0	0.001
2008-08-21	0	0	0	0	0	0.001
2008-08-22	0	0	0	0	0	0.001
2008-08-23	0	0	0	0	0	0.001
2008-08-24	0	0	0	0	0	0.001
2008-08-25	0	0	0	0	0	0.001
2008-08-26	0	0	0	0	0	0.001
2008-08-27	0	0	0	0	0	0.001
2008-08-28	0	0	0	0	0	0.001
2008-08-29	0	0	0	0	0	0.001
2008-08-30	0	0	0	0	0	0.001
2008-08-31	0	0	0	0	0	0.002
2008-09-01	0	0	0	0	0	0
2008-09-02	0	0	0	0	0	0
2008-09-03	0	0	0	0	0	0
2008-09-04	0	0	0	0	0	0
2008-09-05	0	0	0	0	0	0
2008-09-06	0	0	0	0	0	0
2008-09-07	0	0	0	0	0	0
2008-09-08	0	0	0	0	0	0
2008-09-09	0	0	0	0	0	0
2008-09-10	0	0	0	0	0	0
2008-09-11	0	0	0	0	0	0
2008-09-12	0.011	0.002	0	0	0.011	0.022
2008-09-13	1.571	1.609	1.503	1.524	1.638	1.666
2008-09-14	1.91	1.897	1.915	1.915	1.897	1.91
2008-09-15	1.043	1.399	1.056	1.142	1.369	0.946
2008-09-16	0.354	0.492	0.004	0.012	0.184	0.008
2008-09-17	0.048	0.207	0.004	0	0.07	0
2008-09-18	0	0.081	0.006	0	0.021	0
2008-09-19	0	0.049	0.009	0	0.009	0
2008-09-20	0	0.026	0.007	0	0.002	0
2008-09-21	0	0.014	0.001	0	0	0
2008-09-22	0	0.01	0.001	0	0	0
2008-09-23	0	0.006	0.001	0	0	0
2008-09-24	0	0.005	0.001	0	0	0
2008-09-25	0	0.003	0.001	0	0	0
2008-09-26	0	0.002	0.001	0	0	0
2008-09-27	0	0.001	0.001	0	0	0
2008-09-28	0	0.001	0.001	0	0	0
2008-09-29	0	0.001	0	0	0	0
2008-09-30	0	0.001	0	0	0	0
2008-10-01	0	0	0	0	0	0
2008-10-02	0	0	0	0	0	0
2008-10-03	0	0	0	0	0	0
2008-10-04	0	0	0	0	0	0
2008-10-05	0	0	0	0	0	0
2008-10-06	0	0	0	0	0	0
2008-10-07	0	0	0	0	0	0
2008-10-08	0	0.001	0	0	0	0
2008-10-09	0	0.001	0	0	0	0
2008-10-10	0	0.002	0	0	0	0
2008-10-11	0	0.002	0	0	0	0
2008-10-12	0	0.001	0	0	0	0
2008-10-13	0	0.002	0	0	0	0
2008-10-14	0	0.001	0	0	0	0
2008-10-15	0	0.002	0	0	0	0
2008-10-16	0	0.007	0	0	0	0
2008-10-17	0	0.009	0	0	0	0
2008-10-18	0	0.012	0	0	0	0
2008-10-19	0	0.011	0	0	0	0
2008-10-20	0	0.008	0	0	0	0
2008-10-21	0	0.006	0	0	0	0
2008-10-22	0	0.007	0	0	0	0
2008-10-23	0	0.008	0	0	0	0
2008-10-24	0.022	0.072	0	0	0.018	0
2008-10-25	0.102	0.242	0	0	0.057	0
2008-10-26	0.01	0.119	0.003	0	0.024	0
2008-10-27	0	0.071	0.001	0	0.008	0
2008-10-28	0	0.056	0.001	0	0.004	0
2008-10-29	0	0.045	0.001	0	0.002	0
2008-10-30	0	0.033	0.001	0	0.001	0
2008-10-31	0	0.022	0	0	0	0
2008-11-01	0	0.018	0	0	0	0
2008-11-02	0	0.018	0.001	0	0	0
2008-11-03	0	0.014	0	0	0	0
2008-11-04	0	0.014	0	0	0	0
2008-11-05	0	0.013	0	0	0	0
2008-11-06	0	0.012	0	0	0	0
2008-11-07	0	0.012	0	0	0	0
2008-11-08	0	0.011	0	0	0	0
2008-11-09	0	0.008	0	0	0	0
2008-11-10	0	0.007	0	0	0	0
2008-11-11	0	0.008	0	0	0	0
2008-11-12	0	0.009	0	0	0	0
2008-11-13	0	0.012	0	0	0	0
2008-11-14	0	0.086	0	0	0.007	0
2008-11-15	0	0.082	0	0	0.007	0
2008-11-16	0	0.068	0	0	0.005	0
2008-11-17	0	0.038	0	0	0.001	0
2008-11-18	0	0.031	0	0	0	0
2008-11-19	0	0.034	0	0	0	0
2008-11-20	0	0.017	0	0	0	0
2008-11-21	0	0.013	0	0	0	0
2008-11-22	0	0.016	0	0	0	0
2008-11-23	0	0.011	0	0	0	0
2008-11-24	0	0	0	0	0	0
2008-11-25	0	0	0	0	0	0
2008-11-26	0	0	0	0	0	0
2008-11-27	0	0	0	0	0	0
2008-11-28	0	0	0	0	0	0
2008-11-29	0	0	0	0	0	0
2008-11-30	0	0	0	0	0	0
2008-12-01	0	0	0	0	0	0
2008-12-02	0	0	0	0	0	0
2008-12-03	0	0.022	0	0	0	0
2008-12-04	0	0.256	0	0	0	0
2008-12-05	0	0.009	0	0	0	0
2008-12-06	0	0.027	0	0	0	0
2008-12-07	0	0.101	0	0	0	0.004
2008-12-08	0	0	0	0	0	0
2008-12-09	0	0	0	0	0	0
2008-12-10	0.239	0	0	0	0	0
2008-12-11	0	0	0	0	0	0
2008-12-12	0	0	0	0	0	0
2008-12-13	0	0	0	0	0	0
2008-12-14	0	0	0	0	0	0
2008-12-15	0	0	0	0	0	0
2008-12-16	0	0	0	0	0	0
2008-12-17	0	0	0	0	0	0
2008-12-18	0	0	0	0	0	0
2008-12-19	0	0	0	0	0	0
2008-12-20	0	0	0	0	0	0
2008-12-21	0	0	0	0	0	0
2008-12-22	0	0	0	0	0	0
2008-12-23	0	0	0	0	0	0
2008-12-24	0	0	0	0	0	0
2008-12-25	0	0	0	0	0	0
2008-12-26	0	0	0	0	0	0
2008-12-27	0	0	0	0	0	0
2008-12-28	0	0	0	0	0	0
2008-12-29	0	0	0	0	0	0
2008-12-30	0	0	0	0	0	0
2008-12-31	0	0	0	0	0	0
2009-01-01	0	0	0	0	0	0
2009-01-02	0	0	0	0	0	0
2009-01-03	0	0	0	0	0	0
2009-01-04	0	0	0	0	0	0
2009-01-05	0	0	0	0	0	0
2009-01-06	0	0	0	0	0	0
2009-01-07	0	0	0	0	0	0
2009-01-08	0	0	0	0	0	0
2009-01-09	0	0	0	0	0	0
2009-01-10	0	0	0	0	0	0
2009-01-11	0	0	0	0	0	0
2009-01-12	0	0	0	0	0	0
2009-01-13	0.885	0	0	0	0	0
2009-01-14	0	0	0	0	0	0
2009-01-15	0	0	0	0	0	0
2009-01-16	0	0	0	0	0	0
2009-01-17	0	0	0	0	0	0
2009-01-18	0	0	0	0	0	0
2009-01-19	0	0	0	0	0	0
2009-01-20	0	0	0	0	0	0
2009-01-21	0	0	0	0	0	0
2009-01-22	0	0	0	0	0	0
2009-01-23	0	0	0	0	0	0
2009-01-24	0	0	0	0	0	0
2009-01-25	0	0	0	0	0	0
2009-01-26	0	0	0	0	0	0
2009-01-27	0	0	0	0	0	0
2009-01-28	0	0	0	0	0	0
2009-01-29	0	0	0	0	0	0
2009-01-30	0	0	0	0	0	0
2009-01-31	0	0	0	0	0	0
2009-02-01	0	0	0	0	0	0
2009-02-02	0	0	0	0	0	0
2009-02-03	0	0	0	0	0	0
2009-02-04	0	0	0	0	0	0
2009-02-05	0	0	0	0	0	0
2009-02-06	0	0	0	0	0	0
2009-02-07	0	0	0	0	0	0
2009-02-08	0	0	0	0	0	0
2009-02-09	0	0	0	0	0	0
2009-02-10	0	0	0	0	0	0
2009-02-11	0	0	0	0	0	0
2009-02-12	0	0	0	0	0	0
2009-02-13	0	0	0	0	0	0
2009-02-14	0	0	0	0	0	0
2009-02-15	0	0	0	0	0	0
2009-02-16	0	0	0	0	0	0
2009-02-17	0	0	0	0	0	0
2009-02-18	0	0	0	0	0	0
2009-02-19	0	0	0	0	0	0
2009-02-20	0	0	0	0	0	0
2009-02-21	0	0	0	0	0	0
2009-02-22	0	0	0	0	0	0
2009-02-23	0	0	0	0	0	0
2009-02-24	0	0	0	0	0	0
2009-02-25	0	0	0	0	0	0
2009-02-26	0	0	0	0	0	0.002
2009-02-27	0	0	0	0	0	0.004
2009-02-28	0	0	0	0	0	0
2009-03-01	0	0	0	0	0	0
2009-03-02	0	0	0	0	0	0
2009-03-03	0	0	0	0	0	0
2009-03-04	0	0	0	0	0	0
2009-03-05	0	0	0	0	0	0
2009-03-06	0	0	0	0	0	0
2009-03-07	0	0	0	0	0.075	0.01
2009-03-08	0	0	0.001	0	0.843	0.501
2009-03-09	0.349	0	0.002	0.002	0.84	0.428
2009-03-10	0.955	0	0.21	0.57	1.845	0.808
2009-03-11	0.388	0	0.001	0.013	0.813	0.115
2009-03-12	0.061	0	0.001	0.01	0.389	0
2009-03-13	0.013	0	0.001	0.011	0	0
2009-03-14	0.001	0	0.001	0.011	0	0
2009-03-15	0.003	0	0.001	0.01	0	0
2009-03-16	0.027	0	0.001	0.009	0	0
2009-03-17	0.017	0	0	0.009	0	0
2009-03-18	0	0	0	0.008	0	0
2009-03-19	0	0	0	0.008	0	0
2009-03-20	0	0	0	0.008	0	0
2009-03-21	0	0	0	0.008	0	0
2009-03-22	0	0	0	0.007	0	0
2009-03-23	0	0	0	0.007	0	0
2009-03-24	0	0	0	0.007	0	0
2009-03-25	0.031	0	0	0.007	0	0
2009-03-26	0.015	0	0	0.006	0	0
2009-03-27	0.002	0	0	0.005	0	0
2009-03-28	0.001	0	0	0.006	0	0
2009-03-29	0.006	0	0	0.007	0	0
2009-03-30	0.252	0	0	0.006	0	0.121
2009-03-31	0.146	0	0	0.005	0	0.074
2009-04-01	0.015	0	0	0.004	0.143	0
2009-04-02	0	0	0	0.005	0.304	0
2009-04-03	0	0	0	0.005	0.224	0
2009-04-04	0	0	0	0.005	0.196	0
2009-04-05	0	0	0	0.004	0.176	0
2009-04-06	0	0	0	0.005	0.135	0
2009-04-07	0	0	0	0.005	0.117	0
2009-04-08	0	0	0	0.005	0.1	0
2009-04-09	0	0	0	0.004	0.077	0
2009-04-10	0	0	0	0.005	0.057	0
2009-04-11	0	0	0	0.004	0.031	0
2009-04-12	0	0	0	0.004	0.028	0
2009-04-13	0	0	0	0.003	0.049	0
2009-04-14	0	0	0	0.003	0.08	0
2009-04-15	0	0	0.027	0.004	0.074	0
2009-04-16	0	0	0.002	0.003	0.05	0
2009-04-17	0	0	0	0.003	0.041	0
2009-04-18	0	0	0	0.003	0.041	0
2009-04-19	0	0	0	0.003	0.035	0
2009-04-20	0	0	0	0.003	0.025	0
2009-04-21	0	0	0	0.003	0.013	0
2009-04-22	0	0	0	0.003	0.004	0
2009-04-23	0	0	0	0.003	0	0
2009-04-24	0	0	0	0.004	0	0
2009-04-25	0	0	0	0.004	0	0
2009-04-26	0	0	0.022	0.003	0.089	0
2009-04-27	0	0	0.03	0.004	0.118	0
2009-04-28	0	0	0.022	0.003	0.11	0
2009-04-29	0.019	0	0.017	0.003	0.095	0
2009-04-30	1.524	0	1.843	1.859	1.852	0
2009-05-01	0.498	0	0.897	1.114	1.131	0
2009-05-02	0.112	0	0.31	0.346	0.39	0
2009-05-03	0.015	0	0.1	0.058	0.212	0
2009-05-04	0	0	0.043	0.006	0.14	0
2009-05-05	0	0	0.021	0.006	0.103	0
2009-05-06	0	0	0.01	0.008	0.091	0
2009-05-07	0	0	0.002	0.006	0.06	0
2009-05-08	0	0	0	0.007	0.054	0
2009-05-09	0	0	0.012	0.002	0.105	0
2009-05-10	0	0	0.009	0.001	0.082	0
2009-05-11	0	0	0.003	0.001	0.063	0
2009-05-12	0	0	0.001	0	0.061	0
2009-05-13	0.114	0	0.071	0.087	0.176	0.073
2009-05-14	0.428	0	0.467	0.593	0.717	0.131
2009-05-15	0.965	0	1.13	1.168	1.274	1.011
2009-05-16	1.027	0	1.668	1.74	1.892	1.192
2009-05-17	0.25	0	0.509	0.658	0.605	0.014
2009-05-18	0.06	0	0.219	0.168	0.359	0
2009-05-19	0.008	0	0.081	0.029	0.237	0
2009-05-20	0	0	0.04	0.002	0.164	0
2009-05-21	0	0	0.015	0.001	0.12	0
2009-05-22	0	0	0.005	0	0.102	0
2009-05-23	0	0	0.001	0	0.077	0
2009-05-24	0	0	0	0	0.06	0
2009-05-25	0	0	0	0	0.046	0
2009-05-26	0	0	0	0	0.05	0
2009-05-27	0	0	0	0	0.03	0
2009-05-28	0	0	0	0	0.017	0
2009-05-29	0	0	0	0	0.002	0
2009-05-30	0	0	0	0	0.006	0
2009-05-31	0	0	0	0	0.002	0
2009-06-01	0	0	0	0	0.001	0
2009-06-02	0	0	0	0	0.025	0
2009-06-03	0	0	0	0	0.061	0
2009-06-04	0	0	0	0	0.071	0
2009-06-05	0	0	0	0	0.07	0
2009-06-06	0	0	0	0	0.058	0
2009-06-07	0.005	0	0	0	0.067	0.014
2009-06-08	1.288	0	1.483	1.601	1.787	1.484
2009-06-09	0.372	0	0.007	0.154	0.707	0.042
2009-06-10	0.055	0	0	0	0.459	0
2009-06-11	0.051	0	0	0	0.383	0
2009-06-12	0.018	0	0	0	0.352	0
2009-06-13	0	0	0	0	0.277	0
2009-06-14	0	0	0	0	0.234	0
2009-06-15	0	0	0	0	0.191	0
2009-06-16	0.085	0	0	0	0.214	0.038
2009-06-17	0.69	0	0	0.157	0.655	0.236
2009-06-18	0.749	0	1.091	1.328	1.597	0.998
2009-06-19	0.425	0	0.003	0.175	0.63	0.045
2009-06-20	0.217	0	0	0.01	0.517	0.003
2009-06-21	0.215	0	0	0.007	0.471	0.02
2009-06-22	0.807	0	0.987	1.325	1.582	0.883
2009-06-23	0.317	0	0	0.108	0.582	0.03
2009-06-24	0.461	0	0.001	0.195	0.579	0.059
2009-06-25	0.087	0	0	0	0.472	0
2009-06-26	0.011	0	0	0	0.353	0
2009-06-27	0.093	0	0	0.009	0.337	0.011
2009-06-28	0.124	0	0	0.006	0.436	0.001
2009-06-29	0.008	0	0	0	0.363	0
2009-06-30	0	0	0	0	0.334	0
2009-07-01	0	0	0	0	0.249	0
2009-07-02	0	0	0	0	0.201	0
2009-07-03	0	0	0	0	0.152	0
2009-07-04	0.573	0	0.025	0.294	0.73	0.285
2009-07-05	0.332	0	0.001	0.043	0.619	0.012
2009-07-06	0.019	0	0	0	0.398	0
2009-07-07	0	0	0	0	0.284	0
2009-07-08	0	0	0	0	0.232	0
2009-07-09	0	0	0	0	0.187	0
2009-07-10	0.592	0	0.863	0.958	1.138	0.834
2009-07-11	0.44	0	0.06	0.297	1.037	0.092
2009-07-12	0.03	0	0	0	0.396	0
2009-07-13	0	0	0	0	0.333	0
2009-07-14	0	0	0	0	0.225	0
2009-07-15	0	0	0	0	0.195	0
2009-07-16	0	0	0	0	0.134	0
2009-07-17	0	0	0	0	0.101	0
2009-07-18	0	0	0	0	0.06	0
2009-07-19	0	0	0	0	0.033	0
2009-07-20	0	0	0	0	0.018	0
2009-07-21	0	0	0	0	0.02	0
2009-07-22	0	0	0	0	0.061	0
2009-07-23	0	0	0	0	0.029	0
2009-07-24	0	0	0	0	0.015	0
2009-07-25	0	0	0	0	0.003	0
2009-07-26	0	0	0	0	0	0
2009-07-27	0	0	0	0	0	0
2009-07-28	0	0	0	0	0	0
2009-07-29	0	0	0	0	0	0
2009-07-30	0	0	0	0	0	0
2009-07-31	0	0	0	0	0	0
2009-08-01	0	0	0	0	0	0
2009-08-02	0	0	0	0	0	0
2009-08-03	0	0	0	0	0	0
2009-08-04	0	0	0	0	0	0
2009-08-05	0	0	0	0	0	0
2009-08-06	0	0	0	0	0	0
2009-08-07	0	0	0	0	0	0
2009-08-08	0	0	0	0	0	0
2009-08-09	0	0	0	0	0	0
2009-08-10	0	0	0	0	0	0
2009-08-11	0	0	0	0	0	0
2009-08-12	0	0	0	0	0	0
2009-08-13	0	0	0	0	0	0
2009-08-14	0	0	0	0	0	0
2009-08-15	0	0	0	0	0	0
2009-08-16	0	0	0	0	0	0
2009-08-17	0	0	0	0	0	0
2009-08-18	0	0	0	0	0	0
2009-08-19	0	0	0	0	0	0
2009-08-20	0	0	0	0	0	0.001
2009-08-21	0	0	0	0	0	0
2009-08-22	0	0	0	0	0	0
2009-08-23	0	0	0	0	0	0
2009-08-24	0	0	0	0	0	0
2009-08-25	0	0	0	0	0	0
2009-08-26	0.013	0	0	0	0.055	0.008
2009-08-27	1.056	0	1.276	1.5	1.711	0.929
2009-08-28	1.159	0	1.378	1.605	1.757	1.228
2009-08-29	0.275	0	0.005	0.224	0.284	0.009
2009-08-30	0.013	0	0	0	0.127	0
2009-08-31	0	0	0	0	0.057	0
2009-09-01	0	0	0	0	0.029	0
2009-09-02	0	0	0	0	0.014	0
2009-09-03	0	0	0	0	0.002	0
2009-09-04	0	0	0	0	0	0
2009-09-05	0	0	0	0	0	0
2009-09-06	0	0	0	0	0	0
2009-09-07	0	0	0	0	0	0
2009-09-08	0	0	0	0	0	0
2009-09-09	0	0	0	0	0	0
2009-09-10	0	0	0	0	0	0
2009-09-11	0	0	0	0	0	0
2009-09-12	0	0	0	0	0	0
2009-09-13	0	0	0	0	0	0
2009-09-14	0	0	0	0	0	0
2009-09-15	0	0	0	0	0	0
2009-09-16	0	0	0	0	0	0
2009-09-17	0	0	0	0	0	0
2009-09-18	0	0	0	0	0	0
2009-09-19	0	0	0	0	0	0
2009-09-20	0	0	0	0	0	0
2009-09-21	0	0	0	0	0	0
2009-09-22	0	0	0	0	0	0
2009-09-23	0	0	0	0	0	0
2009-09-24	0	0	0	0	0	0
2009-09-25	0	0	0	0	0	0
2009-09-26	0	0	0	0	0	0
2009-09-27	0	0	0	0	0	0
2009-09-28	0	0	0	0	0	0
2009-09-29	0	0	0	0	0	0
2009-09-30	0	0	0	0	0	0
2009-10-01	0.013	0	0	0	0.037	0
2009-10-02	0.027	0	0	0	0.149	0
2009-10-03	0.017	0	0	0	0.112	0
2009-10-04	0	0	0	0	0.071	0
2009-10-05	0	0	0	0	0.051	0
2009-10-06	0	0	0	0	0.036	0
2009-10-07	0	0	0	0	0.021	0
2009-10-08	0	0	0	0	0.018	0
2009-10-09	0	0	0	0	0.009	0
2009-10-10	0	0	0	0	0.002	0
2009-10-11	0	0	0	0	0	0
2009-10-12	0	0	0	0	0	0
2009-10-13	0	0	0	0	0	0
2009-10-14	0	0	0	0	0	0
2009-10-15	0	0	-0.918	0	0	0
2009-10-16	0	0	1.057	0	0	0
2009-10-17	0	0	0	0	0	0
2009-10-18	0	0	0	0	0	0
2009-10-19	0	0	0	0	0	0
2009-10-20	0	0	0	0	0	0
2009-10-21	0	0	0	0	0	0
2009-10-22	0.349	0	0.075	0.252	0.431	0.261
2009-10-23	0.83	0	1.867	1.898	1.897	1.584
2009-10-24	0.462	0	0.087	0.409	0.657	0.108
2009-10-25	0.092	0	0	0.007	0.233	0.001
2009-10-26	0.088	0	0	0	0.205	0
2009-10-27	0.057	0	0	0	0.196	0
2009-10-28	0.002	0	0	0	0.147	0
2009-10-29	0.348	0	0.182	0.343	0.559	0.244
2009-10-30	1.494	0	1.915	1.915	1.897	1.867
2009-10-31	0.411	0	0.218	0.544	0.744	0.134
2009-11-01	0.101	0	0	0.009	0.221	0
2009-11-02	0.011	0	0	0	0.171	0
2009-11-03	0	0	0	0	0.128	0
2009-11-04	0	0	0	0	0.09	0
2009-11-05	0	0	0	0	0.065	0
2009-11-06	0	0	0	0	0.046	0
2009-11-07	0	0	0	0	0.032	0
2009-11-08	0	0	0	0	0.012	0
2009-11-09	0	0	0	0	0.003	0
2009-11-10	0.215	0	0	0	0.193	0.006
2009-11-11	0.026	0	0	0	0.184	0
2009-11-12	0	0	0	0	0.116	0
2009-11-13	0	0	0	0	0.072	0
2009-11-14	0	0	0	0	0.042	0
2009-11-15	0	0	0	0	0.019	0
2009-11-16	0	0	0	0	0.015	0
2009-11-17	0.309	0	0	0.001	0.173	0.105
2009-11-18	0.434	0	0	0.165	0.268	0.113
2009-11-19	0.135	0	0	0.032	0.234	0.011
2009-11-20	0.037	0	0	0	0.179	0
2009-11-21	0.003	0	0	0	0.157	0
2009-11-22	0	0	0	0	0.102	0
2009-11-23	0	0	0	0	0.07	0
2009-11-24	0	0	0	0	0.057	0
2009-11-25	0	0	0	0	0.038	0
2009-11-26	0	0	0	0	0.027	0
2009-11-27	0	0	0	0	0.03	0
2009-11-28	0	0	0	0	0.027	0
2009-11-29	0	0	0	0	0.018	0
2009-11-30	0	0	0	0	0.008	0
2009-12-01	0	0	0	0	0.004	0
2009-12-02	0	0	0	0	0.001	0
2009-12-03	0	0	0	0	0	0
2009-12-04	0	0	0	0	0	0
2009-12-05	0	0	0	0	0	0
2009-12-06	0	0	0	0	0	0
2009-12-07	0	0	0	0	0	0
2009-12-08	0	0	0	0	0	0
2009-12-09	0	0	0	0	0	0
2009-12-10	0	0	0	0	0	0
2009-12-11	0	0	0	0	0	0
2009-12-12	0	0	0	0	0	0
2009-12-13	0	0	0	0	0	0
2009-12-14	0	0	0	0	0	0
2009-12-15	0	0	0	0	0	0
2009-12-16	0	0	0	0	0	0
2009-12-17	0	0	0	0	0	0
2009-12-18	0	0	0	0	0	0
2009-12-19	0	0	0	0	0	0
2009-12-20	0	0	0	0	0	0
2009-12-21	0	0	0	0	0	0
2009-12-22	0	0	0	0	0	0
2009-12-23	0	0	0	0	0	0
2009-12-24	0	0	0	0	0.105	0.103
2009-12-25	0	0	0	0	0.33	0.281
2009-12-26	0	0	0	0	0.196	0.001
2009-12-27	0	0	0	0	0.139	0
2009-12-28	0	0	0	0	0.097	0
2009-12-29	0	0	0	0	0.074	0
2009-12-30	0	0	0	0	0.064	0
2009-12-31	0	0	0	0	0.037	0
2010-01-01	0	0	0	0	0.014	0.001
2010-01-02	0	0	0	0	0.004	0.013
2010-01-03	0	0	0	0	0	0.055
2010-01-04	0	0	0	0	0	1.132
2010-01-05	0	0	0	0	0	1.069
2010-01-06	0	0	0	0	0	0.001
2010-01-07	0	0	0	0	0	0
2010-01-08	0	0	0	0	0	0.001
2010-01-09	0	0	0	0	0	0.525
2010-01-10	0	0	0	0	0	0.046
2010-01-11	0	0	0	0	0	0
2010-01-12	0	0	0	0	0	0
2010-01-13	0	0	0	0	0	0
2010-01-14	0	0	0	0	0	0
2010-01-15	0	0	0	0	0	0
2010-01-16	0	0	0	0	0	0
2010-01-17	0	0	0	0	0	0
2010-01-18	0	0	0	0	0	0
2010-01-19	0	0	0	0	0	0
2010-01-20	0	0	0	0	0	0
2010-01-21	0	0	0	0	0	0
2010-01-22	0	0	0	0	0	0
2010-01-23	0	0	0	0	0	0
2010-01-24	0	0	0	0	0	0.073
2010-01-25	0	0	0	0	0	0.05
2010-01-26	0	0	0	0	0	0.001
2010-01-27	0	0	0	0	0	0.001
2010-01-28	0	0	0	0	0	0.001
2010-01-29	0	0	0	0	0	0.002
2010-01-30	0	0	0	0	0	0.003
2010-01-31	0	0	0	0	0	0
2010-02-01	0	0	0	0	0	0.001
2010-02-02	0	0	0	0	0	0
2010-02-03	0	0	0	0	0	0
2010-02-04	0	0	0	0	0	0
2010-02-05	0	0	0	0	0	0
2010-02-06	0	0	0	0	0	0
2010-02-07	0	0	0	0	0	0
2010-02-08	0	0	0	0	0	0
2010-02-09	0	0	0	0	0	0
2010-02-10	0	0	0	0	0	0
2010-02-11	0	0	0	0	0	0.001
2010-02-12	0	0	0	0	0	0
2010-02-13	0	0	0	0	0	0
2010-02-14	0	0	0	0	0	0
2010-02-15	0	0	0	0	0	0
2010-02-16	0	0	0	0	0	0
2010-02-17	0	0	0	0	0	0
2010-02-18	0	0	0	0	0	0
2010-02-19	0	0	0	0	0	0
2010-02-20	0	0	0	0	0	0
2010-02-21	0	0	0	0	0	0
2010-02-22	0	0	0	0	0	0
2010-02-23	0	0	0	0	0	0
2010-02-24	0	0	0	0	0	0
2010-02-25	0	0	0	0	0	0.001
2010-02-26	0	0	0	0	0	0.001
2010-02-27	0	0	0	0	0	0
2010-02-28	0	0	0	0	0	0
2010-03-01	0	0	0	0	0	0
2010-03-02	0	0	0	0	0	0
2010-03-03	0	0	0	0	0	0
2010-03-04	0	0	0	0	0	0
2010-03-05	0	0	0	0	0	0
2010-03-06	0	0	0	0	0	0
2010-03-07	0	0	0	0	0	0
2010-03-08	0.046	0	0	0	0.054	0
2010-03-09	0.307	0	0	0.115	0.199	0.012
2010-03-10	0.616	0	0.062	0.61	0.301	0.365
2010-03-11	0.659	0	0.39	0.654	0.432	0.487
2010-03-12	0.297	0	0.138	0.136	0.298	0.166
2010-03-13	0.96	0	1.664	1.645	1.725	1.557
2010-03-14	0.685	0	1.024	1.148	1.392	0.818
2010-03-15	0.256	0	0.029	0.073	0.269	0.055
2010-03-16	0.045	0	0	0	0.188	0
2010-03-17	0.005	0	0	0	0.132	0
2010-03-18	0	0	0	0	0.096	0
2010-03-19	0	0	0	0	0.061	0
2010-03-20	0	0	0	0	0.038	0
2010-03-21	0	0	0	0	0.039	0
2010-03-22	0	0	0	0	0.043	0
2010-03-23	0	0	0	0	0.028	0
2010-03-24	0	0	0	0	0.015	0
2010-03-25	0	0	0	0	0.012	0
2010-03-26	0	0	0	0	0.011	0
2010-03-27	0	0	0	0	0.009	0
2010-03-28	0	0	0	0	0.004	0
2010-03-29	0	0	0	0	0.001	0
2010-03-30	0	0	0	0	0	0
2010-03-31	0	0	0	0	0	0
2010-04-01	0	0	0	0	0	0
2010-04-02	0	0	0	0	0	0
2010-04-03	0	0	0	0	0.005	0
2010-04-04	0	0	0	0	0.017	0
2010-04-05	0	0	0	0	0.038	0
2010-04-06	0	0	0	0	0.051	0
2010-04-07	0	0	0	0	0.045	0
2010-04-08	0	0	0	0	0.081	0
2010-04-09	0	0	0	0	0.067	0
2010-04-10	0	0	0	0	0.044	0
2010-04-11	0	0	0	0	0.025	0
2010-04-12	0	0	0	0	0.016	0
2010-04-13	0	0	0	0	0.008	0
2010-04-14	0	0	0	0	0.002	0
2010-04-15	0	0	0	0	0	0
2010-04-16	0	0	0	0	0	0
2010-04-17	0	0	0	0	0	0
2010-04-18	0	0	0	0	0	0
2010-04-19	0	0	0	0	0	0
2010-04-20	0	0	0	0	0	0
2010-04-21	0	0	0	0	0	0
2010-04-22	0	0	0	0	0	0
2010-04-23	0	0	0	0	0	0
2010-04-24	0.339	0	0.419	0.366	0.412	0.402
2010-04-25	1.91	0	1.915	1.915	1.897	1.91
2010-04-26	0.761	0	1.392	1.397	1.594	0.954
2010-04-27	0.198	0	0.382	0.235	0.208	0.006
2010-04-28	0.027	0	0.103	0.004	0.099	0
2010-04-29	0.001	0	0.057	0	0.054	0
2010-04-30	0.092	0	0.053	0.011	0.067	0.001
2010-05-01	0.107	0	0.132	0.034	0.127	0.001
2010-05-02	0.326	0	0.429	0.377	0.555	0.274
2010-05-03	0.719	0	1.105	1.103	1.447	0.575
2010-05-04	0.148	0	0.318	0.155	0.196	0.02
2010-05-05	0.006	0	0.071	0.002	0.08	0
2010-05-06	0	0	0.022	0	0.041	0
2010-05-07	0.479	0	0.286	0.25	0.196	0.175
2010-05-08	0.11	0	0.22	0.088	0.176	0.015
2010-05-09	0.004	0	0.053	0.001	0.076	0
2010-05-10	0	0	0.026	0	0.052	0
2010-05-11	0.742	0	0.444	0.455	0.313	0.37
2010-05-12	0.588	0	0.516	0.367	0.294	0.294
2010-05-13	0.884	0	1.603	1.553	1.75	1.156
2010-05-14	0.516	0	0.695	0.661	0.904	0.262
2010-05-15	0.121	0	0.263	0.094	0.173	0.004
2010-05-16	0.019	0	0.086	0.003	0.091	0
2010-05-17	0.032	0	0.055	0	0.065	0
2010-05-18	0.016	0	0.048	0	0.056	0
2010-05-19	0	0	0.026	0	0.041	0
2010-05-20	0	0	0.01	0	0.03	0
2010-05-21	0	0	0.004	0	0.021	0
2010-05-22	0	0	0.002	0	0.014	0
2010-05-23	0	0	0	0	0.01	0
2010-05-24	0	0	0	0	0.005	0
2010-05-25	0	0	0	0	0.003	0
2010-05-26	0	0	0	0	0.001	0
2010-05-27	0	0	0	0	0.001	0
2010-05-28	0	0	0	0	0	0
2010-05-29	0	0	0	0	0	0
2010-05-30	0	0	0	0	0	0
2010-05-31	0	0	0	0	0	0
2010-06-01	0	0	0	0	0	0
2010-06-02	0.763	0	1.275	1.252	1.47	0.959
2010-06-03	0.05	0	0.236	0.152	0.18	0.004
2010-06-04	0	0	0.04	0	0.06	0
2010-06-05	0.69	0	0.397	0.346	0.763	0.268
2010-06-06	0.183	0	0.253	0.157	0.188	0.017
2010-06-07	0.006	0	0.044	0.002	0.072	0
2010-06-08	0.159	0	0.057	0.028	0.101	0.002
2010-06-09	0.047	0	0.049	0.008	0.083	0
2010-06-10	0.029	0	0.026	0.004	0.07	0
2010-06-11	0.053	0	0.051	0.012	0.094	0
2010-06-12	0.801	0	1.017	1.023	1.147	0.991
2010-06-13	1.341	0	1.852	1.847	1.897	1.545
2010-06-14	1.299	0	1.915	1.915	1.897	1.888
2010-06-15	0.823	0	1.28	1.331	1.781	0.5
2010-06-16	0.531	0	0.463	0.494	0.74	0.143
2010-06-17	0.081	0	0.165	0.051	0.157	0
2010-06-18	0.471	0	0.48	0.43	0.667	0.43
2010-06-19	1.482	0	1.879	1.896	1.897	1.658
2010-06-20	0.47	0	0.44	0.558	0.57	0.077
2010-06-21	0.154	0	0.191	0.103	0.167	0.004
2010-06-22	0.433	0	0.289	0.148	0.221	0.079
2010-06-23	0.705	0	0.477	0.461	1.091	0.373
2010-06-24	0.61	0	0.341	0.376	0.732	0.158
2010-06-25	0.085	0	0.085	0	0.163	0
2010-06-26	0.117	0	0.087	0	0.141	0
2010-06-27	0.025	0	0.03	0	0.107	0
2010-06-28	0.001	0	0	0	0.071	0
2010-06-29	0.001	0	0	0	0.052	0
2010-06-30	0.001	0	0	0	0.036	0
2010-07-01	0.001	0	0	0	0.023	0
2010-07-02	0	0	0	0	0.016	0
2010-07-03	0	0	0	0	0.009	0
2010-07-04	0.001	0	0	0	0.004	0
2010-07-05	0	0	0	0	0.001	0
2010-07-06	0.001	0	0	0	0	0
2010-07-07	0.001	0	0	0	0.002	0
2010-07-08	0.001	0	0	0	0.009	0
2010-07-09	0	0	0	0	0.003	0
2010-07-10	0	0	0	0	0	0
2010-07-11	0	0	0	0	0	0
2010-07-12	0	0	0	0	0	0
2010-07-13	0	0	0	0	0	0
2010-07-14	0	0	0	0	0	0
2010-07-15	0	0	0	0	0	0
2010-07-16	0	0	0	0	0	0
2010-07-17	0.001	0	0	0	0	0
2010-07-18	0	0	0	0	0	0
2010-07-19	0	0	0	0	0	0
2010-07-20	0	0	0	0	0	0
2010-07-21	0	0	0	0	0	0
2010-07-22	0	0	0	0	0	0
2010-07-23	0	0	0	0	0	0
2010-07-24	0	0	0	0	0	0
2010-07-25	0	0	0	0	0	0
2010-07-26	0	0	0	0	0	0
2010-07-27	0	0	0	0	0	0
2010-07-28	0	0	0	0	0	0
2010-07-29	0	0	0	0	0	0
2010-07-30	0	0	0	0	0	0
2010-07-31	0	0	0	0	0	0
2010-08-01	0	0	0	0	0	0
2010-08-02	0	0	0	0	0	0
2010-08-03	0	0	0	0	0	0
2010-08-04	0	0	0	0	0	0
2010-08-05	0	0	0	0	0	0
2010-08-06	0	0	0	0	0	0
2010-08-07	0	0	0	0	0	0
2010-08-08	0	0	0	0	0	0
2010-08-09	0	0	0	0	0	0
2010-08-10	0	0	0	0	0	0
2010-08-11	0	0	0	0	0	0
2010-08-12	0	0	0	0	0	0
2010-08-13	0	0	0	0	0.012	0
2010-08-14	0	0	0	0	0.166	0.004
2010-08-15	0	0	0	0	0.018	0
2010-08-16	0	0	0	0	0	0
2010-08-17	0	0	0	0	0	0
2010-08-18	0	0	0	0	0	0
2010-08-19	0	0	0	0	0	0
2010-08-20	0	0	0	0	0	0
2010-08-21	0	0	0	0	0	0
2010-08-22	0	0	0	0	0	0
2010-08-23	0	0	0	0	0	0
2010-08-24	0	0	0	0	0	0
2010-08-25	0	0	0	0	0	0
2010-08-26	0	0	0	0	0	0
2010-08-27	0	0	0	0	0	0
2010-08-28	0	0	0	0	0	0
2010-08-29	0	0	0	0	0	0
2010-08-30	0	0	0	0	0	0
2010-08-31	0	0	0	0	0	0
2010-09-01	0.06	0	0	0	0.107	0.036
2010-09-02	0.002	0	0	0	0.002	0
2010-09-03	0.001	0	0	0	0	0
2010-09-04	0	0	0	0	0	0
2010-09-05	0	0	0	0	0	0
2010-09-06	0.001	0	0	0	0	0
2010-09-07	0	0	0	0	0	0
2010-09-08	0	0	0	0	0	0
2010-09-09	0	0	0	0	0	0
2010-09-10	0	0	0	0	0	0
2010-09-11	0	0	0	0	0	0
2010-09-12	0	0	0	0	0	0
2010-09-13	0	0	0	0	0	0
2010-09-14	0	0	0	0	0	0
2010-09-15	0	0	0	0	0	0
2010-09-16	0	0	0	0	0	0
2010-09-17	0	0	0	0	0	0
2010-09-18	0	0	0	0	0	0
2010-09-19	0.708	0	0.106	0.423	0.318	0.319
2010-09-20	0.19	0	0.047	0.095	0.166	0.004
2010-09-21	0.45	0	0.488	0.463	0.579	0.467
2010-09-22	1.211	0	1.527	1.542	1.75	1.251
2010-09-23	0.24	0	0.345	0.221	0.257	0.005
2010-09-24	0.85	0	0.823	0.769	1.18	0.443
2010-09-25	0.408	0	0.386	0.213	0.167	0.173
2010-09-26	0.863	0	0.557	0.524	1.001	0.371
2010-09-27	0.192	0	0.279	0.049	0.399	0.012
2010-09-28	0.021	0	0.057	0	0.123	0
2010-09-29	0	0	0.002	0	0.144	0
2010-09-30	0	0	0	0	0.072	0
2010-10-01	0	0	0	0	0.033	0
2010-10-02	0	0	0	0	0.026	0
2010-10-03	0	0	0	0	0.012	0
2010-10-04	0	0	0	0	0.002	0
2010-10-05	0	0	0	0	0	0
2010-10-06	0	0	0	0	0	0
2010-10-07	0	0	0	0	0	0
2010-10-08	0	0	0	0	0	0
2010-10-09	0	0	0	0	0	0
2010-10-10	0	0	0	0	0	0
2010-10-11	0	0	0	0	0	0
2010-10-12	0	0	0	0	0	0
2010-10-13	0	0	0	0	0	0
2010-10-14	0	0	0	0	0.02	0
2010-10-15	0	0	0	0	0.739	0
2010-10-16	0	0	0	0	0	0
2010-10-17	0	0	0	0	0	0
2010-10-18	0	0	0	0	0	0
2010-10-19	0	0	0	0	0	0
2010-10-20	0	0	0	0	0	0
2010-10-21	0	0	0	0	0	0
2010-10-22	0	0	0	0	0	0
2010-10-23	0	0	0	0	0	0
2010-10-24	0	0	0	0	0	0
2010-10-25	0	0	0	0	0	0
2010-10-26	0	0	0	0	0	0
2010-10-27	0	0	0	0	0	0
2010-10-28	0	0	0	0	0	0
2010-10-29	0	0	0	0	0	0
2010-10-30	0	0	0	0	0	0
2010-10-31	0	0	0	0	0	0
2010-11-01	0	0	0	0	0	0
2010-11-02	0	0	0	0	0	0
2010-11-03	0	0	0	0	0	0
2010-11-04	0	0	0	0	0	0
2010-11-05	0	0	0	0	0	0
2010-11-06	0	0	0	0	0	0
2010-11-07	0	0	0	0	0	0
2010-11-08	0	0	0	0	0	0
2010-11-09	0	0	0	0	0	0
2010-11-10	0	0	0	0	0	0
2010-11-11	0	0	0	0	0	0
2010-11-12	0	0	0	0	0	0
2010-11-13	0	0	0	0	0	0
2010-11-14	0	0	0	0	0	0
2010-11-15	0	0	0	0	0	0
2010-11-16	0	0	0	0	0	0
2010-11-17	0	0	0	0	0	0
2010-11-18	0	0	0	0	0	0
2010-11-19	0	0	0	0	0	0
2010-11-20	0	0	0	0	0	0
2010-11-21	0	0	0	0	0	0
2010-11-22	0	0	0	0	0	0
2010-11-23	0	0	0	0	0	0
2010-11-24	0	0	0	0	0	0
2010-11-25	0	0	0	0	0	0
2010-11-26	0	0	0	0	0	0
2010-11-27	0	0	0	0	0	0
2010-11-28	0	0	0	0	0	0
2010-11-29	0	0	0	0	0	0
2010-11-30	0	0	0	0	0	0
2010-12-01	0	0	0	0	0	0
2010-12-02	0	0	0	0	0	0
2010-12-03	0	0	0	0	0	0
2010-12-04	0	0	0	0	0	0
2010-12-05	0	0	0	0	0	0
2010-12-06	0	0	0	0	0	0
2010-12-07	0	0	0	0	0	0
2010-12-08	0	0	0	0	0	0
2010-12-09	0	0	0	0	0	0
2010-12-10	0	0	0	0	0	0
2010-12-11	0	0	0	0	0	0
2010-12-12	0	0	0	0	0	0
2010-12-13	0	0	0	0	0	0
2010-12-14	0	0	0	0	0	0
2010-12-15	0	0	0	0	0	0
2010-12-16	0	0	0	0	0	0
2010-12-17	0	0	0	0	0	0
2010-12-18	0	0	0	0	0	0
2010-12-19	0	0	0	0	0	0
2010-12-20	0	0	0	0	0	0
2010-12-21	0	0	0	0	0	0
2010-12-22	0	0	0	0	0	0
2010-12-23	0	0	0	0	0	0
2010-12-24	0	0	0	0	0	0
2010-12-25	0	0	0	0	0	0
2010-12-26	0	0	0	0	0	0
2010-12-27	0	0	0	0	0	0
2010-12-28	0	0	0	0	0	0
2010-12-29	0	0	0	0	0	0
2010-12-30	0	0	0	0	0	0
2010-12-31	0	0	0	0	0	0.06
2011-01-01	0	0.255	0	0.001	0	0.002
2011-01-02	0	0.134	0	0	0	0
2011-01-03	0	0.095	0	0	0	0
2011-01-04	0	0.067	0	0.019	0	0
2011-01-05	0	0.051	0	0.001	0	0
2011-01-06	0	0.038	0	0	0	0
2011-01-07	0	0.031	0	0.007	0	0
2011-01-08	0	0.014	0	0.461	0	0
2011-01-09	0	0.006	0	0.037	0	0
2011-01-10	0	0.003	0	0	0	0
2011-01-11	0	0.002	0	0	0	0
2011-01-12	0	0	0	0.007	0	0
2011-01-13	0	0	0	0	0	0.098
2011-01-14	0.003	0	0	0	0	0.003
2011-01-15	0.849	0	0	0	0	0
2011-01-16	0.975	0	0	0	0	0
2011-01-17	0.7	0	0	0	0	0
2011-01-18	0	0	0	0	0	0
2011-01-19	1.146	0	0	0.002	0	0
2011-01-20	1.558	0	0	0	0	0
2011-01-21	0	0	0	0	0	0.005
2011-01-22	0	0	0	0.005	0	0.001
2011-01-23	0	0	0	0.24	0	0.002
2011-01-24	0	0	0	0	0	0.001
2011-01-25	0	0	0	0	0	0
2011-01-26	0	0	0	0	0	0
2011-01-27	0	0	0	0	0	0.001
2011-01-28	0	0	0	0	0	0
2011-01-29	0	0	0	0	0	0
2011-01-30	0	0	0	0	0	0.004
2011-01-31	0	0	0	0	0	0.002
2011-02-01	0	0	0	0	0	0
2011-02-02	0	0	0	0.122	0	0
2011-02-03	0	0	0	0	0	0
2011-02-04	0	0	0	0	0	0
2011-02-05	0	0	0	0	0	0
2011-02-06	0	0	0	0	0	0
2011-02-07	0	0	0	0	0	0
2011-02-08	0	0	0	0	0	0
2011-02-09	0	0	0	0	0	0
2011-02-10	0	0	0	0	0	0
2011-02-11	0	0	0	0	0	0
2011-02-12	0	0	0	0	0	0
2011-02-13	0	0	0	0	0	0
2011-02-14	0	0	0	0	0	0
2011-02-15	0	0	0	0	0	0
2011-02-16	0	0.01	0	0	0	0
2011-02-17	0	0.236	0	0	0	0
2011-02-18	0	0.503	0	0	0	0
2011-02-19	0	0.238	0	0	0	0
2011-02-20	0	0.638	0	0	0	0
2011-02-21	0	0.584	0	0	0	0
2011-02-22	0	0.29	0	0	0	0
2011-02-23	0	0.213	0	0	0	0
2011-02-24	0	0.174	0	0	0	0
2011-02-25	0	0.142	0	0	0	0
2011-02-26	0	0.128	0	0	0	0
2011-02-27	0	0.115	0	0	0	0
2011-02-28	0	0.139	0	0	0	0
2011-03-01	0	0.204	0	0	0	0
2011-03-02	0	0.342	0	0	0	0
2011-03-03	0	0.266	0	0	0	0
2011-03-04	0	0.297	0	0	0	0
2011-03-05	0	0.598	0	0	0	0
2011-03-06	0	0.408	0	0	0	0
2011-03-07	0	0.289	0	0	0	0
2011-03-08	0	0.279	0	0	0	0
2011-03-09	0	0.835	0	0	0	0
2011-03-10	0	0.648	0	0	0	0
2011-03-11	0	0.369	0	0	0	0
2011-03-12	0	0.272	0	0	0	0
2011-03-13	0	0.21	0	0	0	0
2011-03-14	0	0.129	0	0	0	0
2011-03-15	0	0	0	0	0	0
2011-03-16	0	0	0	0	0.02	0
2011-03-17	0	0	0	0	0.034	0
2011-03-18	0	0	0	0	0.009	0
2011-03-19	0	0	0	0	0.003	0
2011-03-20	0	0	0	0	0.001	0
2011-03-21	0	0	0	0	0	0
2011-03-22	0	0	0	0	0	0
2011-03-23	0	0	0	0	0.067	0
2011-03-24	0	0	0	0	0.049	0
2011-03-25	0	0	0	0	0.035	0
2011-03-26	0	0	0	0	0.018	0
2011-03-27	0	0	0	0	0.005	0
2011-03-28	0	0	0	0	0	0
2011-03-29	0	0	0	0	0	0
2011-03-30	0	0	0	0	0	0
2011-03-31	0.001	0	0	0.001	0	0
2011-04-01	0.001	0	0	0	0	0
2011-04-02	0	0	0	0	0	0
2011-04-03	0	0	0	0	0	0
2011-04-04	0	0	0	0	0	0
2011-04-05	0	0	0	0	0	0
2011-04-06	0	0	0	0	0	0
2011-04-07	0	0	0	0	0	0
2011-04-08	0	0	0	0	0.213	0
2011-04-09	0	0	0	0	0.163	0
2011-04-10	0	0	0	0	0.136	0
2011-04-11	0	0	0	0	0.071	0
2011-04-12	0	0	0	0	0.039	0
2011-04-13	0	0	0	0	0.02	0
2011-04-14	0	0	0	0	0.007	0
2011-04-15	0	0	0	0	0.017	0
2011-04-16	0	0	0	0	0.135	0
2011-04-17	0	0	0	0	0.129	0
2011-04-18	0	0	0	0	0.09	0
2011-04-19	0.307	0	0.278	0.48	0.709	0.366
2011-04-20	0.215	0	0.484	0.518	0.452	0.143
2011-04-21	0.013	0	0.171	0.075	0.348	0.003
2011-04-22	0.098	0	0.235	0.152	0.384	0.069
2011-04-23	0.069	0	0.238	0.17	0.385	0.028
2011-04-24	0.001	0	0.061	0.006	0.283	0
2011-04-25	0	0	0.173	0.151	0.221	0
2011-04-26	0.119	0	0.195	0.184	0.312	0.073
2011-04-27	0.014	0	0.127	0.085	0.288	0.003
2011-04-28	0	0	0.029	0.002	0.165	0
2011-04-29	0	0	0.006	0.001	0.1	0
2011-04-30	0	0	0.001	0.001	0.068	0
2011-05-01	0	0	0	0	0.031	0
2011-05-02	0	0	0	0	0.019	0
2011-05-03	0	0	0	0	0.01	0
2011-05-04	0	0	0	0	0.002	0
2011-05-05	0	0	0	0	0	0
2011-05-06	0	0	0	0	0	0
2011-05-07	0	0	0	0	0	0
2011-05-08	0	0	0	0	0	0
2011-05-09	0	0	0	0	0	0
2011-05-10	0	0	0	0	0	0
2011-05-11	0	0	0	0	0	0
2011-05-12	0	0	0	0	0	0
2011-05-13	0	0	0	0	0	0
2011-05-14	0.077	0	0.147	0	0.405	0
2011-05-15	0.324	0	0.521	0	1.334	0
2011-05-16	0.024	0	0.253	0	0.394	0
2011-05-17	0	0	0.062	0	0.212	0
2011-05-18	0	0	0.001	0	0.12	0
2011-05-19	0	0	0	0	0.067	0
2011-05-20	0	0	0	0	0.042	0
2011-05-21	0	0	0	0	0.047	0
2011-05-22	0	0	0	0	0.113	0
2011-05-23	0	0	0	0	0.116	0
2011-05-24	0	0	0	0	0.082	0
2011-05-25	0.172	0	0	0	0.62	0
2011-05-26	0.331	0	0	0	1.897	0
2011-05-27	0.092	0	0	0	0.536	0
2011-05-28	0.001	0	0	0	0.299	0
2011-05-29	0.163	0	0	0	0.943	0
2011-05-30	0.059	0	0	0	0.428	0
2011-05-31	0	0	0	0	0.249	0
2011-06-01	0	0	0	0	0.153	0
2011-06-02	0.079	0	0	0	0.235	0
2011-06-03	0.033	0	0	0	0.34	0
2011-06-04	0	0	0	0	0.192	0
2011-06-05	0.184	0	0	0	1.084	0
2011-06-06	0.098	0	0	0	0.67	0
2011-06-07	0	0	0	0	0.262	0
2011-06-08	0	0	0	0	0.067	0
2011-06-09	0	0	0	0	0	0
2011-06-10	0.164	0	0	0	0	0
2011-06-11	0.051	0	0	0	0	0
2011-06-12	0	0	0	0	0	0
2011-06-13	0	0	0	0	0	0
2011-06-14	0.13	0	0	0	0	0
2011-06-15	0.253	0	0	0	0	0
2011-06-16	0.091	0	0	0	0	0
2011-06-17	0	0	0	0	0	0
2011-06-18	0	0	0	0	0	0
2011-06-19	0	0	0	0	0	0
2011-06-20	0	0	0	0	0	0
2011-06-21	0	0	0	0	0	0
2011-06-22	0	0	0	0	0	0
2011-06-23	0	0	0	0	0	0
2011-06-24	0	0	0	0	0	0
2011-06-25	0	0	0	0	0	0
2011-06-26	0	0	0	0	0	0
2011-06-27	0	0	0	0	0	0
2011-06-28	0	0	0	0	0	0
2011-06-29	0	0	0	0	0	0
2011-06-30	0	0	0	0	0	0
2011-07-01	0	0	0	0	0	0
2011-07-02	0	0	0	0	0	0
2011-07-03	0	0	0	0	0	0
2011-07-04	0	0	0	0	0	0
2011-07-05	0	0	0	0	0	0
2011-07-06	0	0	0	0	0	0
2011-07-07	0	0	0	0	0	0
2011-07-08	0	0	0	0	0	0
2011-07-09	0	0	0	0	0	0
2011-07-10	0	0	0	0	0	0
2011-07-11	0	0	0	0	0	0
2011-07-12	0	0	0	0	0	0
2011-07-13	0	0	0	0	0	0
2011-07-14	0	0	0	0	0	0
2011-07-15	0	0	0	0	0	0
2011-07-16	0	0	0	0	0	0
2011-07-17	0	0	0	0	0	0
2011-07-18	0	0	0	0	0	0
2011-07-19	0	0	0	0	0	0
2011-07-20	0	0	0	0	0	0
2011-07-21	0	0	0	0	0	0
2011-07-22	0	0	0	0	0	0
2011-07-23	0	0	0	0	0	0
2011-07-24	0	0	0	0	0	0
2011-07-25	0	0	0	0	0	0
2011-07-26	0	0	0	0	0	0
2011-07-27	0	0	0	0	0	0
2011-07-28	0	0	0	0	0	0
2011-07-29	0	0	0	0	0	0
2011-07-30	0	0	0	0	0	0
2011-07-31	0	0	0	0	0	0
2011-08-01	0	0	0	0	0	0
2011-08-02	0	0	0	0	0	0
2011-08-03	0	0	0	0	0	0
2011-08-04	0	0	0	0	0	0
2011-08-05	0	0	0	0	0	0
2011-08-06	0	0	0	0	0	0
2011-08-07	0	0	0	0	0	0
2011-08-08	0	0	0	0	0	0
2011-08-09	0	0	0	0	0	0
2011-08-10	0	0	0	0	0	0
2011-08-11	0	0	0	0	0	0
2011-08-12	0	0	0	0	0	0
2012-04-03	0	0	0	0	0	0
2012-04-04	0	0	0	0	0	0
2012-04-05	0	0	0	0	0	0
2012-04-06	0	0	0	0	0	0
2012-04-07	0	0	0	0	0	0
2012-04-08	0	0	0	0	0	0
2012-04-09	0	0	0	0	0	0
2012-04-10	0	0	0	0	0	0
2012-04-11	0	0	0	0	0	0
2012-04-12	0	0	0	0	0	0
2012-04-13	0	0	0	0	0	0
2012-04-14	0	0	0	0	0	0
2012-04-15	0	0	0	0	0	0
2012-04-16	0	0	0	0	0	0
2012-04-17	0	0	0	0	0	0
2012-04-18	0	0	0	0	0	0
2012-04-19	0	0	0	0	0	0
2012-04-20	0	0	0	0	0	0
2012-04-21	0	0	0	0	0	0
2012-04-22	0	0	0	0	0	0
2012-04-23	0	0	0	0	0	0
2012-04-24	0	0	0	0	0	0
2012-04-25	0	0	0	0	0	0
2012-04-26	0	0	0	0	0	0
2012-04-27	0	0	0	0	0	0
2012-04-28	0	0	0	0	0	0
2012-04-29	0	0	0	0	0	0
2012-04-30	0	0	0	0	0	0
2012-05-01	0	0	0	0	0	0
2012-05-02	0	0.056	0	0	0	0
2012-05-03	0.126	0.288	0.037	0.06	0	0.045
2012-05-04	1.91	1.897	1.915	1.915	0	1.901
2012-05-05	1.811	1.514	0.832	1.279	0	0.795
2012-05-06	1.047	0.925	0.244	0.346	0	0.065
2012-05-07	1.463	0.759	0.201	0.553	0	0.289
2012-05-08	0.749	0.601	0.14	0.16	0	0.032
2012-05-09	0.408	0.353	0.119	0.013	0	0.001
2012-05-10	0.281	0.231	0.07	0.001	0	0
2012-05-11	0.169	0.164	0.035	0	0	0
2012-05-12	0.073	0.121	0.032	0	0	0
2012-05-13	0.068	0.115	0.03	0	0	0
2012-05-14	0.061	0.111	0.028	0	0	0
2012-05-15	0.058	0.107	0.028	0	0	0
2012-05-16	0.051	0.08	0.025	0	0	0
2012-05-17	0.045	0.081	0.021	0	0	0
2012-05-18	0.04	0.081	0.019	0	0	0
2012-05-19	0.036	0.071	0.017	0	0	0
2012-05-20	0.032	0.058	0.014	0	0	0
2012-05-21	0.023	0.052	0.008	0	0	0
2012-05-22	0.019	0.069	0.007	0	0	0
2012-05-23	0.02	0.075	0.008	0	0	0
2012-05-24	0.018	0.069	0.006	0	0	0
2012-05-25	0.012	0.038	0.003	0	0	0
2012-05-26	0.012	0.045	0.003	0	0	0
2012-05-27	0.011	0.051	0.003	0	0	0
2012-05-28	0.01	0.05	0.003	0	0	0
2012-05-29	0.008	0.038	0.003	0	0	0
2012-05-30	0.005	0.036	0.001	0	0	0
2012-05-31	0.005	0.036	0.001	0	0	0
2012-06-01	0.003	0.036	0.001	0	0	0
2012-06-02	0.003	0.039	0.001	0	0	0
2012-06-03	0.003	0.035	0.001	0	0	0
2012-06-04	0.004	0.031	0.001	0	0	0
2012-06-05	0.003	0.026	0.001	0	0	0
2012-06-06	0.002	0.022	0.001	0	0	0
2012-06-07	0.002	0.021	0	0	0	0
2012-06-08	0.002	0.026	0	0	0	0
2012-06-09	0.001	0.029	0	0	0	0
2012-06-10	0.001	0.026	0	0	0	0
2012-06-11	0.001	0.02	0	0	0	0
2012-06-12	0	0.009	0	0	0	0
2012-06-13	0	0.012	0	0	0	0
2012-06-14	0	0.016	0	0	0	0
2012-06-15	0	0.014	0	0	0	0
2012-06-16	0.001	0.058	0.002	0	0	0
2012-06-17	0.001	0.198	0.007	0	0	0
2012-06-18	0.001	0.124	0.007	0	0	0
2012-06-19	0.001	0.066	0.005	0	0	0
2012-06-20	0.001	0.055	0.003	0	0	0
2012-06-21	0	0.067	0.002	0	0	0
2012-06-22	0	0.062	0.002	0	0	0
2012-06-23	0	0.051	0.002	0	0	0
2012-06-24	0	0.042	0.002	0	0	0
2012-06-25	0	0.019	0.002	0	0	0
2012-06-26	0	0.012	0.002	0	0	0
2012-06-27	0	0.004	0.002	0	0	0
2012-06-28	0	0	0.002	0	0	0
2012-06-29	0	0	0.002	0	0	0
2012-06-30	0	0	0.002	0	0	0
2012-07-01	0	0	0.001	0	0	0
2012-07-02	0	0	0.001	0	0	0
2012-07-03	0	0	0.001	0	0	0
2012-07-04	0	0	0.001	0	0	0.02
2012-07-05	0	0	0.001	0	0	0
2012-07-06	0	0	0.001	0	0	0
2012-07-07	0	0	0.001	0	0	0
2012-07-08	0	0	0.001	0	0	0
2012-07-09	0	0	0.001	0	0	0
2012-07-10	0	0	0.001	0	0	0
2012-07-11	0	0	0.001	0	0	0
2012-07-12	0	0	0.001	0	0	0
2012-07-13	0	0	0.001	0	0	0
2012-07-14	0	0	0.001	0	0	0
2012-07-15	0	0	0.001	0	0	0
2012-07-16	0	0	0.001	0	0	0
2012-07-17	0	0	0.001	0	0	0
2012-07-18	0	0	0.001	0	0	0
2012-07-19	0	0	0.001	0	0	0.02
2012-07-20	0	0	0	0	0	0
2012-07-21	0	0	0	0	0	0
2012-07-22	0	0	0	0	0	0
2012-07-23	0	0	0	0	0	0
2012-07-24	0	0	0	0	0	0
2012-07-25	0	0	0	0	0	0
2012-07-26	0	0	0	0	0	0
2012-07-27	0	0	0	0	0	0
2012-07-28	0	0	0	0	0	0
2012-07-29	0	0	0	0	0	0
2012-07-30	0	0	0	0	0	0
2012-07-31	0	0	0	0	0	0
2012-08-01	0	0	0	0	0	0
2012-08-02	0	0	0	0	0	0
2012-08-03	0	0	0	0	0	0
2012-08-04	0	0	0	0	0	0
2012-08-05	0	0	0	0	0	0
2012-08-06	0	0	0	0	0	0
2012-08-07	0	0	0	0	0	0
2012-08-08	0	0	0	0	0	0
2012-08-09	0	0	0	0	0	0
2012-08-10	0	0	0	0	0	0
2012-08-11	0	0	0	0	0	0
2012-08-12	0	0	0	0	0	0
2012-08-13	0	0	0	0	0	0
2012-08-14	0	0	0.04	0	0	0
2012-08-15	0	0	0	0	0	0
2012-08-16	0	0	0	0	0	0
2012-08-17	0	0	0	0	0	0
2012-08-18	0	0	0	0	0	0
2012-08-19	0	0	0	0	0	0
2012-08-20	0	0	0	0	0	0
2012-08-21	0	0	0	0	0	0
2012-08-22	0	0	0	0	0	0
2012-08-23	0	0	0	0	0	0
2012-08-24	0	0	0	0	0	0
2012-08-25	0	0	0	0	0	0
2012-08-26	0	0	0	0	0	0
2012-08-27	0	0	0	0	0	0
2012-08-28	0	0	0	0	0	0
2012-08-29	0	0	0	0	0	0
2012-08-30	0	0	0	0	0	0
2012-08-31	0	0	0	0	0	0
2012-09-01	0	0	0	0	0	0
2012-09-02	0	0	0	0	0	0
2012-09-03	0	0	0	0	0	0
2012-09-04	0	0	0	0	0	0
2012-09-05	0	0	0	0	0	0
2012-09-06	0	0	0	0	0	0
2012-09-07	0	0	0	0	0	0
2012-09-08	0	0	0	0	0	0
2012-09-09	0	0	0	0	0	0
2012-09-10	0	0	0	0	0	0
2012-09-11	0	0	0	0	0	0
2012-09-12	0	0	0	0	0	0
2012-09-13	0	0	0	0	0	0
2012-09-14	0	0	0	0	0	0
2012-09-15	0	0	0	0	0	0
2012-09-16	0	0	0	0	0	0
2012-09-17	0	0	0	0	0	0
2012-09-18	0	0	0	0	0	0
2012-09-19	0	0	0	0	0	0
2012-09-20	0	0	0	0	0	0
2012-09-21	0	0	0	0	0	0
2012-09-22	0	0	0	0	0	0
2012-09-23	0	0	0	0	0	0
2012-09-24	0	0	0	0	0	0
2012-09-25	0	0	0	0	0	0
2012-09-26	0	0	0	0	0	0
2012-09-27	0	0	0	0	0	0
2012-09-28	0	0	0	0	0	0
2012-09-29	0	0	0	0	0	0
2012-09-30	0	0	0	0	0	0
2012-10-01	0	0	0	0	0	0
2012-10-02	0	0	0	0	0	0
2012-10-03	0	0	0	0	0	0
2012-10-04	0	0	0	0	0	0
2012-10-05	0	0	0	0	0	0
2012-10-06	0	0	0	0	0	0
2012-10-07	0	0	0	0	0	0
2012-10-08	0	0	0	0	0	0
2012-10-09	0	0	0	0	0	0
2012-10-10	0	0	0	0	0	0
2012-10-11	0	0	0	0	0	0
2012-10-12	0	0	0	0	0	0
2012-10-13	0	0	0	0	0	0
2012-10-14	0	0	0	0	0	0
2012-10-15	0	0	0	0	0	0
2012-10-16	0	0	0	0	0	0
2012-10-17	0	0	0	0	0	0
2012-10-18	0	0	0	0	0	0
2012-10-19	0	0	0	0	0	0
2012-10-20	0	0	0	0	0	0
2012-10-21	0	0	0	0	0	0
2012-10-22	0	0	0	0	0	0
2012-10-23	0	0	0	0	0	0
2012-10-24	0	0	0	0	0	0
2012-10-25	0	0	0	0	0	0
2012-10-26	0	0	0	0	0	0
2012-10-27	0	0	0	0	0	0
2012-10-28	0	0	0	0	0	0
2012-10-29	0	0	0	0	0	0
2012-10-30	0	0	0	0	0	0
2012-10-31	0	0	0	0	0	0
2012-11-01	0	0	0	0	0	0
2012-11-02	0	0	0	0	0	0
2012-11-03	0	0	0	0	0	0
2012-11-04	0	0	0	0	0	0
2012-11-05	0	0	0	0	0	0
2012-11-06	0	0	0	0	0	0
2012-11-07	0	0	0	0	0	0
2012-11-08	0	0	0	0	0	0
2012-11-09	0	0	0	0	0	0
2012-11-10	0	0	0	0	0	0
2012-11-11	0	0	0	0	0	0
2012-11-12	0	0	0	0	0	0
2012-11-13	0	0	0	0	0	0
2012-11-14	0	0	0	0	0	0
2012-11-15	0	0	0	0	0	0
2012-11-16	0	0	0	0	0	0
2012-11-17	0	0	0	0	0	0
2012-11-18	0	0	0	0	0	0
2012-11-19	0	0	0	0	0	0
2012-11-20	0	0	0	0	0	0
2012-11-21	0	0	0	0	0	0
2012-11-22	0	0	0	0	0	0
2012-11-23	0	0	0	0	0	0
2012-11-24	0	0	0	0	0	0
2012-11-25	0	0	0	0	0	0
2012-11-26	0	0	0	0	0	0
2012-11-27	0	0	0	0	0	0
2012-11-28	0	0	0	0	0	0
2012-11-29	0	0	0	0	0	0
2012-11-30	0	0	0	0	0	0
2012-12-01	0	0	0	0	0	0
2012-12-02	0	0	0	0	0	0
2012-12-03	0	0	0	0	0	0
2013-02-14	0	0.004	0	0	0	0
2013-02-15	0	0.019	0	0	0	0
2013-02-16	0	0.031	0	0	0	0
2013-02-17	0	0.047	0	0	0	0
2013-02-18	0	0.067	0	0	0	0
2013-02-19	0	0.021	0	0	0	0
2013-02-20	0	0.015	0	0	0	0
2013-02-21	0	0.039	0	0	0	0
2013-02-22	0	0.04	0	0	0	0
2013-02-23	0	0.022	0	0	0	0
2013-02-24	0	0.017	0	0	0	0
2013-02-25	0	0.02	0	0	0	0
2013-02-26	0	0.041	0	0	0	0
2013-02-27	0	0.018	0	0	0	0
2013-02-28	0	0.009	0	0	0	0
2013-03-01	0	0.007	0	0	0	0
2013-03-02	0	0.007	0	0	0	0
2013-03-03	0	0.013	0	0	0	0
2013-03-04	0	0.018	0	0	0	0
2013-03-05	0	0.013	0	0	0	0
2013-03-06	0	0.003	0	0	0	0
2013-03-07	0	0.005	0	0	0	0
2013-03-08	0	0.008	0	0	0	0
2013-03-09	0	0.171	0	0	0	0
2013-03-10	0	0.937	0.094	0.886	0.341	0.061
2013-03-11	0	1.056	0.626	1.133	0.589	0.037
2013-03-12	0	0.817	0.18	0.568	0.404	0
2013-03-13	0	0.515	0.007	0.294	0.238	0
2013-03-14	0.119	0.298	0.012	0.129	0.209	0.008
2013-03-15	0.322	0.245	0.055	0.146	0.232	0.052
2013-03-16	0.267	0.176	0.008	0.068	0.199	0.029
2013-03-17	0.208	0.166	0.006	0.061	0.205	0.02
2013-03-18	0.155	0.162	0.006	0.054	0.213	0.027
2013-03-19	0.047	0.105	0.001	0.003	0.152	0.003
2013-03-20	0.026	0.095	0.001	0.002	0.132	0.003
2013-03-21	0.021	0.092	0.001	0.002	0.133	0.003
2013-03-22	0.007	0.077	0	0.001	0.111	0.003
2013-03-23	0.001	0.066	0.001	0.002	0.098	0.003
2013-03-24	0.005	0.066	0.001	0.001	0.104	0.003
2013-03-25	0	0.039	0.001	0.001	0.077	0.002
2013-03-26	0	0.026	0.001	0.001	0.06	0.002
2013-03-27	0.002	0.033	0.001	0.001	0.066	0.002
2013-03-28	0.04	0.05	0.001	0.001	0.09	0.002
2013-03-29	0.05	0.061	0.001	0.001	0.121	0.002
2013-03-30	0.06	0.073	0.001	0.001	0.149	0.003
2013-03-31	0.031	0.059	0.001	0.001	0.135	0.003
2013-04-01	0	0.032	0.001	0	0.083	0.002
2013-04-02	0	0.031	0	0	0.075	0.002
2013-04-03	0	0.031	0	0	0.071	0.002
2013-04-04	0	0.043	0.001	0	0.087	0.002
2013-04-05	0	0.033	0.001	0	0.076	0.002
2013-04-06	0	0.047	0.001	0	0.093	0.003
2013-04-07	0	0.025	0.001	0	0.071	0.002
2013-04-08	0.299	0.099	0.001	0	0.288	0.146
2013-04-09	0.141	0.159	0.001	0	0.288	0.055
2013-04-10	0.807	0.874	0.677	0.865	1.063	0.929
2013-04-11	1.088	1.874	1.716	1.759	1.897	1.608
2013-04-12	0.781	0.825	0.491	0.797	1.033	0.672
2013-04-13	0.34	0.504	0.083	0.255	0.558	0.138
2013-04-14	0.197	0.296	0.008	0.131	0.359	0.074
2013-04-15	0.06	0.142	0.005	0.003	0.211	0.007
2013-04-16	0.042	0.088	0.002	0.001	0.152	0.004
2013-04-17	0.524	0.649	0.617	0.663	0.764	0.607
2013-04-18	1.668	1.897	1.915	1.915	1.897	1.91
2013-04-19	0.97	1.514	1.268	1.433	1.653	1.289
2013-04-20	0.464	0.691	0.211	0.43	0.699	0.281
2013-04-21	0.206	0.423	0.019	0.177	0.424	0.085
2013-04-22	0.12	0.237	0.006	0.064	0.284	0.032
2013-04-23	0.061	0.143	0.003	0.004	0.222	0.006
2013-04-24	0.044	0.096	0.002	0.001	0.178	0.003
2013-04-25	0.018	0.07	0.001	0	0.145	0.003
2013-04-26	0.01	0.063	0.001	0	0.133	0.003
2013-04-27	0.007	0.061	0.001	0	0.135	0.004
2013-04-28	0.009	0.062	0.001	0	0.141	0.004
2013-04-29	0.003	0.057	0.001	0	0.127	0.005
2013-04-30	0	0.044	0.001	0	0.107	0.005
2013-05-01	0	0.026	0.001	0	0.082	0.003
2013-05-02	0	0.022	0	0	0.073	0.002
2013-05-03	0.562	0.45	0.201	0.359	0.549	0.467
2013-05-04	1.045	1.897	0.894	1.13	1.897	1.054
2013-05-05	0.853	0.97	0.668	0.865	1.261	0.828
2013-05-06	0.422	0.572	0.123	0.261	0.601	0.157
2013-05-07	0.148	0.305	0.005	0.052	0.345	0.029
2013-05-08	0.068	0.162	0.003	0.001	0.245	0.006
2013-05-09	0.057	0.121	0.002	0	0.217	0.005
2013-05-10	0.051	0.085	0.385	0.284	0.172	0.004
2013-05-11	0.029	0.068	0.225	0.121	0.13	0.003
2013-05-12	0.005	0.057	0.089	0.026	0.106	0.002
2013-05-13	0.002	0.059	0.064	0.005	0.106	0.002
2013-05-14	0.006	0.064	0.06	0.002	0.113	0.003
2013-05-15	0	0.041	0.033	0	0.082	0.003
2013-05-16	0	0.038	0.025	0	0.072	0.003
2013-05-17	0	0.034	0.018	0	0.063	0.003
2013-05-18	0	0.035	0.016	0	0.058	0.003
2013-05-19	0	0.042	0.021	0	0.065	0.003
2013-05-20	0	0.04	0.022	0	0.069	0.003
2013-05-21	0	0.038	0.017	0.001	0.062	0.002
2013-05-22	0	0.032	0.01	0	0.054	0.002
2013-05-23	0	0.019	0.002	0	0.029	0.001
2013-05-24	0	0.017	0.001	0	0.021	0.001
2013-05-25	0	0.027	0.006	0	0.043	0.001
2013-05-26	0.848	1.365	1.271	1.254	1.389	1.12
2013-05-27	1.073	1.897	1.915	1.915	1.897	1.843
2013-05-28	0.921	1.647	1.319	1.291	1.847	0.971
2013-05-29	1.008	1.883	1.763	1.768	1.897	1.599
2013-05-30	0.711	0.833	0.789	0.767	0.907	0.38
2013-05-31	0.604	0.611	0.672	0.552	0.579	0.264
2013-06-01	0.269	0.37	0.365	0.265	0.356	0.059
2013-06-02	0.063	0.179	0.142	0.072	0.199	0.003
2013-06-03	0.031	0.12	0.103	0.022	0.159	0.002
2013-06-04	0.011	0.091	0.165	0.004	0.129	0.002
2013-06-05	0.002	0.077	0.15	0	0.115	0.002
2013-06-06	0	0.066	0.076	0	0.103	0.002
2013-06-07	0	0.053	0.029	0	0.087	0.001
2013-06-08	0	0.049	0.023	0	0.079	0.001
2013-06-09	0	0.049	0.022	0	0.076	0.001
2013-06-10	0	0.038	0.013	0	0.063	0.001
2013-06-11	0	0.037	0.01	0	0.057	0.001
2013-06-12	0	0.039	0.011	0	0.058	0.001
2013-06-13	0	0.023	0.002	0	0.035	0.001
2013-06-14	0	0.025	0.001	0	0.034	0.001
2013-06-15	0	0.029	0.001	0	0.04	0.001
2013-06-16	0	0.027	0.001	0	0.036	0.001
2013-06-17	0	0.026	0.001	0	0.034	0.001
2013-06-18	0	0.023	0.001	0	0.028	0
2013-06-19	0	0.02	0	0	0.023	0
2013-06-20	0	0.022	0	0	0.022	0
2013-06-21	0	0.022	0	0	0.024	0
2013-06-22	0	0.021	0	0	0.023	0
2013-06-23	0	0.018	0	0	0.02	0
2013-06-24	0	0.043	0	0	0.085	0
2013-06-25	0	0.093	0	0	0.155	0
2013-06-26	0.57	0.533	0.217	0.217	0.685	0.592
2013-06-27	0.176	0.453	0.007	0.016	0.534	0.037
2013-06-28	0.03	0.192	0.001	0	0.293	0.001
2013-06-29	0.139	0.161	0.041	0.058	0.314	0.112
2013-06-30	0.404	0.373	0.209	0.222	0.64	0.288
2013-07-01	0.048	0.18	0.001	0.001	0.34	0.002
2013-07-02	0.008	0.112	0	0	0.236	0
2013-07-03	0	0.081	0	0	0.187	0
2013-07-04	0	0.063	0	0	0.16	0
2013-07-05	0	0.051	0	0	0.14	0
2013-07-06	0	0.044	0	0	0.124	0
2013-07-07	0	0.037	0	0	0.111	0
2013-07-08	0	0.03	0	0	0.1	0
2013-07-09	0	0.009	0	0	0.03	0
2013-07-10	0	0.041	0	0	0.138	0
2013-07-11	0	0.018	0	0	0.061	0.001
2013-07-12	0	0.017	0	0	0.053	0
2013-07-13	0	0.015	0	0	0.045	0
2013-07-14	0	0.011	0	0	0.033	0
2013-07-15	0	0.008	0	0	0.022	0
2013-07-16	0	0.006	0	0	0.013	0
2013-07-17	0	0.005	0	0	0.008	0
2013-07-18	0	0.006	0	0	0.009	0
2013-07-19	0	0.006	0	0	0.006	0
2013-07-20	0	0.002	0	0	0	0
2013-07-21	0	0.001	0	0	0	0
2013-07-22	0	0.001	0	0	0	0
2013-07-23	0	0	0	0	0	0
2013-07-24	0	0	0	0	0	0
2013-07-25	0	0	0	0	0	0
2013-07-26	0	0	0	0	0	0
2013-07-27	0	0	0	0	0	0
2013-07-28	0	0	0	0	0	0
2013-07-29	0	0	0	0	0	0
2013-07-30	0	0	0	0	0	0
2013-07-31	0	0	0	0	0	0
2013-08-01	0	0	0	0	0	0
2013-08-02	0	0	0.001	0	0	0
2013-08-03	0	0	0	0	0	0
2013-08-04	0	0	0	0	0	0
2013-08-05	0	0	0	0	0	0
2013-08-06	0	0	0	0	0	0
2013-08-07	0	0	0	0	0	0
2013-08-08	0	0	0	0	0	0
2013-08-09	0	0	0	0	0	0
2013-08-10	0	0	0	0	0	0
2013-08-11	0	0	0	0	0	0
2013-08-12	0	0	0	0	0	0
2013-08-13	0	0	0	0	0	0
2013-08-14	0	0	0	0	0	0
2013-08-15	0	0	0	0	0	0
2013-08-16	0	0	0	0	0	0
2013-08-17	0	0	0	0	0	0
2013-08-18	0	0	0	0	0	0
2013-08-19	0	0	0	0	0	0
2013-08-20	0	0	0	0	0	0
2013-08-21	0	0	0	0	0	0
2013-08-22	0	0	0	0	0	0
2013-08-23	0	0	0	0	0	0
2013-08-24	0	0	0	0	0	0
2013-08-25	0	0	0	0	0	0
2013-08-26	0	0	0	0	0	0
2013-08-27	0	0	0	0	0	0
2013-08-28	0	0	0	0	0	0
2013-08-29	0	0	0	0	0	0
2013-08-30	0	0	0	0	0	0
2013-08-31	0	0	0	0	0	0
2013-09-01	0	0	0	0	0	0
2013-09-02	0	0	0	0	0	0
2013-09-03	0	0	0	0	0	0
2013-09-04	0	0	0	0	0	0
2013-09-05	0	0	0	0	0	0
2013-09-06	0	0	0	0	0	0
2013-09-07	0	0	0	0	0	0
2013-09-08	0	0	0	0	0	0
2013-09-09	0	0	0	0	0	0
2013-09-10	0	0	0	0	0	0
2013-09-11	0	0	0	0	0	0
2013-09-12	0	0	0	0	0	0
2013-09-13	0	0	0	0	0	0
2013-09-14	0	0	0	0	0	0
2013-09-15	0	0	0	0	0	0
2013-09-16	0	0	0	0	0	0
2013-09-17	0	0	0	0	0	0
2013-09-18	0	0	0	0	0	0
2013-09-19	0	0	0	0	0	0
2013-09-20	0	0	0	0	0	0
2013-09-21	0	0	0	0	0	0
2013-09-22	0	0	0	0	0	0
2013-09-23	0	0	0	0	0	0
2013-09-24	0	0	0	0	0	0
2013-09-25	0	0	0	0	0	0
2013-09-26	0	0	0	0	0	0
2013-09-27	0	0	0	0	0	0
2013-09-28	0	0	0	0	0	0
2013-09-29	0	0	0	0	0	0
2013-09-30	0	0	0	0	0	0
2013-10-01	0	0	0	0	0	0
2013-10-02	0	0	0	0	0	0
2013-10-03	0	0	0	0	0	0
2013-10-04	0	0	0	0	0	0
2013-10-05	0	0	0	0	0	0
2013-10-06	0	0	0	0	0	0
2013-10-07	0	0	0	0	0	0
2013-10-08	0	0	0	0	0	0
2013-10-09	0	0	0	0	0	0
2013-10-10	0	0	0	0	0	0
2013-10-11	0	0	0	0	0	0
2013-10-12	0	0	0	0	0	0
2013-10-13	0	0	0	0	0	0
2013-10-14	0	0	0	0	0	0
2013-10-15	0	0	0	0	0	0
2013-10-16	0	0	0	0	0	0
2013-10-17	0	0	0	0	0	0
2013-10-18	0	0	0	0	0	0
2013-10-19	0	0	0	0	0	0
2013-10-20	0	0	0	0	0	0
2013-10-21	0	0	0	0	0	0
2013-10-22	0	0	0	0	0	0
2013-10-23	0	0	0	0	0	0
2013-10-24	0	0	0	0	0	0
2013-10-25	0	0	0	0	0	0
2013-10-26	0	0	0	0	0	0
2013-10-27	0	0	0	0	0	0
2013-10-28	0	0	0	0	0	0
2013-10-29	0	0	0	0	0	0
2013-10-30	0	0	0	0	0	0
2013-10-31	0	0	0	0	0	0
2013-11-01	0	0	0	0	0	0
2013-11-02	0	0	0	0	0	0
2013-11-03	0	0	0	0	0	0
2013-11-04	0	0	0	0	0	0
2013-11-05	0	0	0	0	0	0
2013-11-06	0	0	0	0	0	0
2013-11-07	0	0	0	0	0	0
2013-11-08	0	0	0	0	0	0
2013-11-09	0	0	0	0	0	0
2013-11-10	0	0	0	0	0	0
2013-11-11	0	0	0	0	0	0
2013-11-12	0	0	0	0	0	0
2013-11-13	0	0	0	0	0	0
2013-11-14	0	0	0	0	0	0
2013-11-15	0	0	0	0	0	0
2013-11-16	0	0	0	0	0	0
2013-11-17	0	0	0	0	0	0
2013-11-18	0	0	0	0	0	0
2013-11-19	0	0	0	0	0	0
2013-11-20	0	0	0	0	0	0
2013-11-21	0	0	0	0	0	0
2013-11-22	0	0	0	0	0	0
2013-11-23	0	0	0	0	0	0
2013-11-24	0	0	0	0	0	0
2013-11-25	0	0	0	0	0	0
2013-11-26	0	0	0	0	0	0
2013-11-27	0	0	0	0	0	0
2013-11-28	0	0	0	0	0	0
2013-11-29	0	0	0	0	0	0
2013-11-30	0	0	0	0	0	0
2013-12-01	0	0	0	0	0	0
2013-12-02	0	0	0	0	0	0
2013-12-03	0	0	0	0	0	0
2013-12-04	0	0	0	0	0	0
2013-12-05	0	0	0	0	0	0
2013-12-06	0	0	0	0	0	0
2013-12-07	0	0	0	0	0	0
2013-12-08	0	0	0	0	0	0
2013-12-09	0	0	0	0	0	0
2013-12-10	0	0	0	0	0	0
2013-12-11	0	0	0	0	0	0
2014-01-01	0	0	0	0	0	0
2014-01-02	0	0	0	0	0	0
2014-01-03	0	0	0	0	0	0
2014-01-04	0	0	0	0	0	0
2014-01-05	0	0	0	0	0	0
2014-01-06	0	0	0	0	0	0
2014-01-07	0	0	0	0	0	0
2014-01-08	0	0	0	0	0	0
2014-01-09	0	0	0	0	0	0
2014-01-10	0	0	0	0	0	0
2014-01-11	0	0	0	0	0	0
2014-01-12	0	0	0	0	0	0
2014-01-13	0	0	0	0	0	0
2014-01-14	0	0	0	0	0	0
2014-01-15	0	0	0	0	0	0
2014-01-16	0	0	0	0	0	0
2014-01-17	0	0	0	0	0	0
2014-01-18	0	0	0	0	0	0
2014-01-19	0	0	0	0	0	0
2014-01-20	0	0	0	0	0	0
2014-01-21	0	0	0	0	0	0
2014-01-22	0	0	0	0	0	0
2014-01-23	0	0	0	0	0	0
2014-01-24	0	0	0	0	0	0
2014-01-25	0	0	0	0	0	0
2014-01-26	0	0	0	0	0	0
2014-01-27	0	0	0	0	0	0
2014-01-28	0	0	0	0	0	0
2014-01-29	0	0	0	0	0	0
2014-01-30	0	0	0	0	0	0
2014-01-31	0	0	0	0	0	0
2014-02-01	0	0	0	0	0	0
2014-02-02	0	0	0	0	0	0
2014-02-03	0	0	0	0	0	0
2014-02-04	0	0	0	0	0	0
2014-02-05	0	0	0	0	0	0
2014-02-06	0	0	0	0	0	0
2014-02-07	0	0	0	0	0	0
2014-02-08	0	0	0	0	0	0
2014-02-09	0	0	0	0	0	0
2014-02-10	0	0	0	0	0	0
2014-02-11	0	0	0	0	0	0
2014-02-12	0	0	0	0	0	0
2014-02-13	0	0	0	0	0	0
2014-02-14	0	0	0	0	0	0
2014-02-15	0	0	0	0	0	0
2014-02-16	0	0	0	0	0	0
2014-02-17	0	0	0	0	0	0
2014-02-18	0	0	0	0	0	0
2014-02-19	0	0	0	0	0	0
2014-02-20	0	0	0	0	0	0
2014-02-21	0	0	0	0	0	0
2014-02-22	0	0	0	0	0	0
2014-02-23	0	0	0	0	0	0
2014-02-24	0	0	0	0	0	0
2014-02-25	0	0	0	0	0	0
2014-02-26	0	0	0	0	0	0
2014-02-27	0	0	0	0	0	0
2014-02-28	0	0	0	0	0	0
2014-03-01	0	0	0	0	0	0
2014-03-02	0	0	0	0	0	0
2014-03-03	0	0	0	0	0	0
2014-03-04	0	0	0	0	0	0
2014-03-05	0	0	0	0	0	0
2014-03-06	0	0	0	0	0	0
2014-03-07	0	0	0	0	0	0
2014-03-08	0	0	0	0	0	0
2014-03-09	0	0	0	0	0	0
2014-03-10	0	0	0	0	0	0
2014-03-11	0	0	0	0	0	0
2014-03-12	0	0	0	0	0	0
2014-03-13	0	0	0	0	0	0
2014-03-14	0	0	0	0	0	0
2014-03-15	0	0	0	0	0	0
2014-03-16	0	0	0	0	0	0
2014-03-17	0	0	0	0	0	0
2014-03-18	0	0	0	0	0	0
2014-03-19	0	0	0	0	0	0
2014-03-20	0	0	0	0	0	0
2014-03-21	0	0	0	0	0	0
2014-03-22	0	0	0	0	0	0
2014-03-23	0	0	0	0	0	0
2014-03-24	0	0	0	0	0	0
2014-03-25	0	0	0	0	0	0
2014-03-26	0	0	0	0	0	0
2014-03-27	0	0	0	0	0	0
2014-03-28	0	0	0	0	0	0
2014-03-29	0	0	0	0	0	0
2014-03-30	0	0	0	0	0	0
2014-03-31	0	0	0	0	0	0
2014-04-01	0	0	0	0	0	0
2014-04-02	0	0	0	0	0	0
2014-04-03	0	0	0	0	0	0
2014-04-04	0	0	0	0	0	0
2014-04-05	0	0	0	0	0	0
2014-04-06	0	0	0	0	0	0
2014-04-07	0	0	0	0	0	0
2014-04-08	0	0	0	0	0	0
2014-04-09	0	0	0	0	0	0
2014-04-10	0.003	0	0	0	0	0
2014-04-11	0.087	0	0	0	0	0
2014-04-12	0.14	0	0	0	0	0
2014-04-13	0.144	0	0	0	0	0
2014-04-14	0.141	0	0	0	0	0
2014-04-15	0.129	0	0	0	0	0
2014-04-16	0.093	0	0	0	0	0
2014-04-17	0.017	0	0	0	0	0
2014-04-18	0.009	0	0	0	0	0
2014-04-19	0.005	0	0	0	0	0
2014-04-20	0.001	0	0	0	0	0
2014-04-21	0	0	0	0	0	0
2014-04-22	0	0.001	0	0	0	0
2014-04-23	0.035	0.002	0	0	0	0
2014-04-24	0.059	0.002	0	0	0	0
2014-04-25	0.056	0.002	0	0	0	0
2014-04-26	0.059	0.002	0	0	0	0
2014-04-27	0.061	0.002	0	0	0	0
2014-04-28	0.056	0.002	0	0	0	0
2014-04-29	0.049	0.002	0	0	0	0
2014-04-30	0.05	0.001	0	0	0	0
2014-05-01	0.048	0.001	0	0	0	0
2014-05-02	0.043	0.001	0	0	0	0
2014-05-03	0.039	0.001	0	0	0	0
2014-05-04	0.035	0.001	0	0	0	0
2014-05-05	0.035	0.001	0	0	0	0
2014-05-06	0.035	0.001	0	0	0	0
2014-05-07	0.028	0.001	0	0	0	0
2014-05-08	0.024	0	0	0	0	0
2014-05-09	0.023	0	0	0	0	0
2014-05-10	0.02	0	0	0	0	0
2014-05-11	0.018	0	0	0	0	0
2014-05-12	0.016	0	0	0	0	0
2014-05-13	0.014	0	0	0	0	0
2014-05-14	0.014	0	0	0	0	0
2014-05-15	0.013	0	0	0	0	0
2014-05-16	0.013	0	0	0	0	0
2014-05-17	0.012	0	0	0	0	0
2014-05-18	0.011	0	0	0	0	0
2014-05-19	0.012	0	0	0	0	0
2014-05-20	0.01	0	0	0	0	0
2014-05-21	0.008	0	0	0	0	0
2014-05-22	0.006	0	0	0	0	0
2014-05-23	0.006	0	0	0	0	0
2014-05-24	0.006	0	0	0	0	0
2014-05-25	0.005	0	0	0	0	0
2014-05-26	0.005	0	0	0	0	0
2014-05-27	0.004	0	0	0	0	0
2014-05-28	0.004	0	0	0	0	0
2014-05-29	0.003	0	0	0	0	0
2014-05-30	0.003	0	0	0	0	0
2014-05-31	0.002	0	0	0	0	0
2014-06-01	0.002	0	0	0	0	0
2014-06-02	0.002	0	0	0	0	0
2014-06-03	0.001	0	0	0	0	0
2014-06-04	0.001	0	0	0	0	0
2014-06-05	0.001	0	0	0	0	0
2014-06-06	0.001	0	0	0	0	0
2014-06-07	0.001	0	0	0	0	0
2014-06-08	0.001	0	0	0	0	0
2014-06-09	0.001	0	0	0	0	0
2014-06-10	0.001	0	0	0	0	0
2014-06-11	0.001	0	0	0	0	0
2014-06-12	0.553	0	0	0	0	0
2014-06-13	0	0	0	0	0	0
2014-06-14	0	0	0	0	0	0
2014-06-15	0	0.043	0	0	0	0
2014-06-16	0	0.037	0	0	0	0
2014-06-17	0	0.038	0	0	0	0
2014-06-18	0	0.255	0	0	0	0
2014-06-19	0.481	0.779	0	0.019	0	0
2014-06-20	1.415	1.89	0.02	1.006	0.919	0
2014-06-21	0.822	1.607	0	0.257	0.854	0
2014-06-22	0.711	1.442	0.445	0.607	1.018	0.462
2014-06-23	1.499	1.897	1.268	1.792	1.897	1.583
2014-06-24	0.899	1.679	0.003	0.707	1.53	0.332
2014-06-25	0.297	1.199	0	0.116	1.072	0.013
2014-06-26	0.099	0.756	0	0.014	0.733	0.002
2014-06-27	0.041	0.545	0	0.013	0.589	0.001
2014-06-28	0.01	0.448	0	0.013	0.506	0.002
2014-06-29	0.47	0.551	0	0.013	0.688	0.001
2014-06-30	0.551	0.717	0.034	0.234	0.842	0.14
2014-07-01	1.367	1.871	0.974	1.601	1.808	1.422
2014-07-02	0.725	1.521	0	0.429	1.367	0.287
2014-07-03	0.228	1.026	0	0.049	0.931	0.028
2014-07-04	0.06	0.62	0	0.011	0.66	0.01
2014-07-05	0.393	0.734	0.003	0.318	0.836	0.251
2014-07-06	1.207	1.605	0.012	1.025	1.655	0.946
2014-07-07	0.49	1.119	0	0.209	1.131	0.127
2014-07-08	0.098	0.658	0	0.014	0.746	0.014
2014-07-09	0.012	0.452	0	0.011	0.553	0.011
2014-07-10	0.008	0.375	0	0.009	0.443	0.009
2014-07-11	0.007	0.344	0	0.008	0.455	0.008
2014-07-12	0.007	0.326	0	0.006	0.44	0.007
2014-07-13	0.007	0.282	0	0.005	0.4	0.007
2014-07-14	0.006	0.259	0	0.005	0.373	0.006
2014-07-15	0.004	0.223	0	0.003	0.337	0.005
2014-07-16	0.004	0.216	0	0.002	0.256	0.004
2014-07-17	0.004	0.198	0	0.002	0.264	0.004
2014-07-18	0.003	0.182	0	0.002	0.227	0.003
2014-07-19	0.003	0.173	0.02	0.001	0.22	0.003
2014-07-20	0.002	0.156	0	0.001	0.184	0.003
2014-07-21	0.002	0.133	0	0.001	0.141	0.002
2014-07-22	0.002	0.114	0	0.001	0.108	0.002
2014-07-23	0.002	0.079	0	0.001	0.045	0.002
2014-07-24	0.002	0.076	0	0.001	0.018	0.002
2014-07-25	0.002	0.085	0	0.001	0.03	0.002
2014-07-26	0.001	0.067	0	0	0.009	0.002
2014-07-27	0.002	0.038	0	0	0.008	0.001
2014-07-28	0.001	0.025	0	0	0.006	0.001
2014-07-29	0.001	0.023	0	0	0.006	0.001
2014-07-30	0.001	0.021	0	0	0.006	0.001
2014-07-31	0.001	0.02	0	0	0.005	0.001
2014-08-01	0.001	0.019	0	0	0.005	0.001
2014-08-02	0.001	0.018	0	0	0.004	0.001
2014-08-03	0.001	0.018	0.02	0	0.004	0.001
2014-08-04	0	0.017	0	0	0.004	0.001
2014-08-05	0	0.017	0	0	0.004	0.001
2014-08-06	0	0.016	0	0	0.004	0
2014-08-07	0	0.015	0	0	0.003	0
2014-08-08	0	0.015	0	0	0.023	0
2014-08-09	0	0.015	0	0	0.003	0
2014-08-10	0	0.014	0	0	0.003	0
2014-08-11	0	0.014	0.02	0	0.003	0
2014-08-12	0	0.012	0	0	0.003	0
2014-08-13	0	0.011	0	0	0.003	0
2014-08-14	0	0.01	0	0	0.002	0
2014-08-15	0	0.01	0	0	0.002	0
2014-08-16	0	0.009	0	0	0.002	0
2014-08-17	0	0.009	0	0	0.002	0
2014-08-18	0	0.009	0	0	0.002	0
2014-08-19	0	0.009	0	0	0.002	0
2014-08-20	0	0.008	0	0	0.002	0
2014-08-21	0	0.007	0	0	0.002	0
2014-08-22	0	0.007	0	0	0.002	0
2014-08-23	0	0.007	0	0	0.001	0
2014-08-24	0	0.006	0	0	0.001	0
2014-08-25	0	0.006	0	0	0.001	0
2014-08-26	0	0.005	0	0	0.001	0
2014-08-27	0	0.005	0	0	0.001	0
2014-08-28	0	0.005	0	0	0.001	0
2014-08-29	0	0.005	0	0	0.001	0
2014-08-30	0	0.004	0	0	0.001	0
2014-08-31	0	0.004	0	0	0.001	0
2014-09-01	0	0.004	0	0	0.001	0
2014-09-02	0	0.003	0	0	0	0
2014-09-03	0	0.003	0	0	0	0
2014-09-04	0	0.002	0	0	0	0
2014-09-05	0	0.002	0	0	0	0
2014-09-06	0	0.001	0	0	0	0
2014-09-07	0	0.001	0	0	0	0
2014-09-08	0	0.001	0	0	0	0
2014-09-09	0	0.001	0	0	0	0
2014-09-10	0.133	0.201	0	0	0.26	0.103
2014-09-11	0.009	0.108	0	0	0.054	0.005
2014-09-12	0.007	0.079	0	0	0.016	0.005
2014-09-13	0.007	0.077	0	0	0.005	0.005
2014-09-14	0.007	0.081	0	0	0.001	0.005
2014-09-15	0.007	0.077	0	0	0.001	0.004
2014-09-16	0.006	0.067	0	0	0	0.004
2014-09-17	0.006	0.073	0	0	0	0.004
2014-09-18	0.005	0.054	0	0	0	0.004
2014-09-19	0.005	0.053	0	0	0	0.003
2014-09-20	0.005	0.056	0	0	0	0.003
2014-09-21	0.005	0.03	0	0	0	0.003
2014-09-22	0.004	0.02	0	0	0	0.002
2014-09-23	0.004	0.02	0	0	0	0.002
2014-09-24	0.004	0.02	0	0	0	0.002
2014-09-25	0.004	0.016	0	0	0	0.002
2014-09-26	0.003	0.016	0	0	0	0.002
2014-09-27	0.003	0.012	0	0	0	0.002
2014-09-28	0.003	0.013	0	0	0	0.001
2014-09-29	0.003	0.028	0	0	0	0.001
2014-09-30	0.003	0.022	0	0	0	0.001
2014-10-01	0.002	0.019	0	0	0	0.001
2014-10-02	0.002	0.023	0	0	0	0.001
2014-10-03	0.654	0.788	0	0	0.565	0.043
2014-10-04	0.159	0.511	0	0.001	0.352	0.005
2014-10-05	0.06	0.321	0	0	0.282	0.005
2014-10-06	0.012	0.239	0	0	0.23	0.005
2014-10-07	0.007	0.183	0	0	0.182	0.005
2014-10-08	0.006	0.136	0	0	0.151	0.004
2014-10-09	0.007	0.144	0	0	0.168	0.004
2014-10-10	0.011	0.187	0	0	0.212	0.004
2014-10-11	0.007	0.208	0	0	0.213	0.003
2014-10-12	0.007	0.231	0	0	0.23	0.003
2014-10-13	0.654	0.764	0.003	0.351	0.783	0.427
2014-10-14	1.47	1.793	1.028	0.297	1.621	1.444
2014-10-15	1.333	1.799	0.55	1.304	1.854	1.269
2014-10-16	0.925	1.311	0	0.446	1.223	0.454
2014-10-17	0.388	0.961	0	0.101	0.915	0.09
2014-10-18	0.135	0.539	0	0	0.597	0.007
2014-10-19	0.125	0.383	0	0	0.508	0.006
2014-10-20	0.068	0.306	0	0	0.426	0.005
2014-10-21	0.009	0.226	0	0	0.327	0.005
2014-10-22	0.007	0.203	0	0	0.301	0.004
2014-10-23	0.007	0.211	0	0	0.31	0.004
2014-10-24	0.007	0.193	0	0	0.291	0.004
2014-10-25	0.007	0.162	0	0	0.257	0.004
2014-10-26	0.006	0.177	0	0	0.26	0.003
2014-10-27	0.007	0.189	0	0	0.269	0.003
2014-10-28	0.006	0.173	0	0	0.242	0.003
2014-10-29	0.006	0.162	0	0	0.221	0.002
2014-10-30	0.006	0.151	0	0	0.2	0.002
2014-10-31	0.005	0.141	0	0	0.18	0.002
2014-11-01	0.005	0.13	0	0	0.16	0.001
2014-11-02	0.002	0.123	0	0	0.075	0.001
2014-11-03	0.007	0.121	0	0	0.215	0.001
2014-11-04	0.004	0.113	0	0	0.129	0.001
2014-11-05	0.004	0.105	0	0	0.114	0.001
2014-11-06	0.003	0.078	0	0	0.06	0
2014-11-07	0.002	0.099	0	0	0.08	0
2014-11-08	0.002	0.086	0	0	0.063	0
2014-11-09	0.001	0.097	0	0	0.076	0
2014-11-10	0.002	0.105	0	0	0.086	0
2014-11-11	0.001	0.025	0	0	0.009	0
2015-03-12	0	0.269	0	0	0	0
2015-03-13	0	0.526	0	0	0	0
2015-03-14	0	0.422	0	0	0	0
2015-03-15	0	0.395	0	0	0	0
2015-03-16	0.11	0.389	0	0	0	0
2015-03-17	0	0.009	0.002	0	0.023	0
2015-03-18	0	0	0	0	0.055	0
2015-03-19	0	0	0	0	0.055	0
2015-03-20	0	0	0	0	0.05	0
2015-03-21	0	0	0	0	0.033	0
2015-03-22	0	0	0	0	0.025	0
2015-03-23	0	0	0	0	0.019	0
2015-03-24	0	0	0	0	0.027	0
2015-03-25	0	0	0	0	0.024	0
2015-03-26	0	0	0	0	0.013	0
2015-03-27	0	0	0	0	0.005	0
2015-03-28	0	0	0	0	0.001	0
2015-03-29	0	0	0	0	0.013	0
2015-03-30	0	0	0	0	0.006	0
2015-03-31	0	0	0	0	0.004	0
2015-04-01	0	0	0	0	0.001	0
2015-04-02	0	0	0	0	0.003	0
2015-04-03	0	0	0	0	0	0
2015-04-04	0	0	0	0	0	0
2015-04-05	0	0	0	0	0	0
2015-04-06	0	0	0	0	0	0
2015-04-07	0	0	0	0	0	0
2015-04-08	0	0	0	0	0	0
2015-04-09	0	0	0	0	0	0
2015-04-10	0	0	0	0	0	0
2015-04-11	0	0	0	0	0	0
2015-04-12	0	0	0	0	0	0
2015-04-13	0	0	0	0	0	0
2015-04-14	0	0	0	0	0	0
2015-04-15	0	0	0	0	0	0
2015-04-16	0	0	0	0	0	0
2015-04-17	0	0	0	0	0	0
2015-04-18	0	0	0	0	0	0
2015-04-19	0	0	0	0	0	0
2015-04-20	0	0	0	0	0	0
2015-04-21	0	0	0	0	0	0.004
2015-04-22	0	0	0	0	0	0.009
2015-04-23	0	0	0	0	0	0.009
2015-04-24	0	0	0	0	0	0.01
2015-04-25	0.119	0.037	0.223	0	0.001	0.004
2015-04-26	0.048	0.061	0.276	0	0	0
2015-04-27	0.003	0.025	0.145	0	0	0
2015-04-28	0	0.013	0.106	0	0	0
2015-04-29	0	0.009	0.074	0	0	0
2015-04-30	0	0.003	0.046	0	0	0
2015-05-01	0	0.001	0.041	0	0	0
2015-05-02	0	0.002	0.035	0	0	0
2015-05-03	0	0.001	0.031	0	0	0
2015-05-04	0	0	0.015	0	0	0
2015-05-05	0	0	0.007	0	0	0
2015-05-06	0	0.001	0.014	0.001	0.032	0.004
2015-05-07	0	0.001	0.023	0.001	0.079	0.007
2015-05-08	0	0	0.015	0.001	0.054	0.006
2015-05-09	0	0	0.008	0.001	0.048	0.005
2015-05-10	0	0.001	0.025	0.001	0.071	0.006
2015-05-11	0	0.008	0.132	0.001	0.209	0.004
2015-05-12	0	0.005	0.073	0.001	0.123	0.002
2015-05-13	0	0.004	0.048	0	0.094	0.003
2015-05-14	0	0.006	0.058	0	0.11	0.002
2015-05-15	0	0.003	0.041	0	0.101	0.002
2015-05-16	0	0.002	0.031	0	0.088	0.002
2015-05-17	0	0.001	0.027	0	0.102	0.003
2015-05-18	0	0	0.005	0	0.05	0.001
2015-05-19	0	0	0.002	0	0.042	0.001
2015-05-20	0	0	0.002	0	0.046	0.001
2015-05-21	0	0.001	0.001	0	0.049	0
2015-05-22	0	0	0.001	0	0.037	0
2015-05-23	0	0	0.001	0	0.033	0
2015-05-24	0.15	0.076	0.001	0.068	0.259	0.407
2015-05-25	0.488	0.316	0.279	0.532	0.875	1.377
2015-05-26	0.35	0.263	0.156	0.508	0.683	0.889
2015-05-27	0.121	0.183	0.009	0.162	0.529	0.349
2015-05-28	0.015	0.067	0.003	0.007	0.379	0.089
2015-05-29	0.004	0.031	0.002	0.001	0.297	0.054
2015-05-30	0	0.013	0.002	0.001	0.224	0.049
2015-05-31	0	0.007	0.002	0.001	0.181	0.046
2015-06-01	0	0.005	0.002	0.001	0.162	0.042
2015-06-02	0	0.004	0.002	0.001	0.158	0.041
2015-06-03	0	0.003	0.001	0	0.151	0.04
2015-06-04	0	0.001	0.001	0	0.134	0.038
2015-06-05	0	0.001	0.001	0	0.116	0.037
2015-06-06	0	0.001	0.001	0	0.108	0.036
2015-06-07	0	0.001	0.001	0	0.125	0.036
2015-06-08	0	0	0.001	0	0.102	0.033
2015-06-09	0	0	0.001	0	0.092	0.033
2015-06-10	0	0	0.001	0	0.091	0.032
2015-06-11	0	0.001	0.001	0	0.096	0.029
2015-06-12	0.176	0.115	0.001	0.001	0.55	0.436
2015-06-13	0.008	0.044	0.001	0.001	0.398	0.065
2015-06-14	0.621	1.568	1.44	1.609	1.802	1.753
2015-06-15	0.497	0.851	0.799	1.028	1.237	1.175
2015-06-16	0.553	1.304	1.906	1.915	1.635	1.449
2015-06-17	0.432	0.369	0.307	1.915	0.843	0.81
2015-06-18	0.159	0.244	0.017	1.915	0.653	0.24
2015-06-19	0.014	0.103	0.004	1.915	0.432	0.044
2015-06-20	0.021	0.038	0.003	1.915	0.354	0.037
2015-06-21	0.055	0.039	0.003	1.915	0.416	0.072
2015-06-22	0.006	0.026	0.003	1.915	0.351	0.033
2015-06-23	0	0.009	0.003	1.915	0.242	0.03
2015-06-24	0.151	0.062	0.004	1.915	0.366	0.339
2015-06-25	0.655	1.856	0.004	1.915	1.884	1.809
2015-06-26	0.406	0.526	0.004	1.915	1.114	0.685
2015-06-27	0.088	0.228	0.004	1.915	0.606	0.113
2015-06-28	0.011	0.09	0.003	1.915	0.433	0.032
2015-06-29	0	0.027	0.002	1.915	0.314	0.031
2015-06-30	0	0.012	0.002	1.915	0.253	0.031
2015-07-01	0	0.006	0.002	1.895	0.213	0.029
2015-07-02	0	0.003	0.002	1.915	0.211	0.029
2015-07-03	0	0.002	0.002	1.915	0.178	0.028
2015-07-04	0	0.001	0.002	1.915	0.158	0.026
2015-07-05	0	0	0.002	1.915	0.145	0.026
2015-07-06	0	0.001	0.002	1.915	0.156	0.027
2015-07-07	0.004	0.001	0.002	1.726	0.258	0.023
2015-07-08	0	0.001	0.002	0	0.214	0.021
2015-07-09	0	0.001	0.002	0	0.174	0.02
2015-07-10	0	0.001	0.002	0	0.144	0.019
2015-07-11	0.321	0	0.001	0.462	0.78	0.746
2015-07-12	0.278	0	0	0.236	0.726	0.429
2015-07-13	0.01	0	0	0.004	0.427	0.033
2015-07-14	0	0	0.009	0	0.26	0.026
2015-07-15	0	0	0.021	0	0.192	0.024
2015-07-16	0.088	0.005	0.02	0	0.302	0.058
2015-07-17	0.238	0.045	0.02	0.147	0.612	0.485
2015-07-18	0.005	0.006	0.019	0	0.39	0.04
2015-07-19	0	0	0.019	0	0.254	0.029
2015-07-20	0	0	0.018	0	0.217	0.029
2015-07-21	0	0	0.017	0	0.174	0.027
2015-07-22	0	0	0.017	0	0.152	0.025
2015-07-23	0	0	0.017	0	0.13	0.024
2015-07-24	0	0	0.016	0	0.12	0.023
2015-07-25	0	0	0.016	0	0.104	0.024
2015-07-26	0	0	0.016	0	0.088	0.024
2015-07-27	0	0	0.016	0	0.064	0.023
2015-07-28	0	0	0.016	0	0.062	0.023
2015-07-29	0	0	0.016	0	0.052	0.022
2015-07-30	0	0	0.015	0	0.039	0.02
2015-07-31	0	0	0.015	0	0.033	0.02
2015-08-01	0	0	0.015	0	0.026	0.019
2015-08-02	0	0	0.015	0	0.023	0.059
2015-08-03	0	0	0.015	0	0.003	0.017
2015-08-04	0	0	0.014	0	0	0.015
2015-08-05	0	0	0.014	0	0	0.015
2015-08-06	0	0	0.013	0	0	0.015
2015-08-07	0	0	0.013	0	0	0.015
2015-08-08	0	0	0.013	0	0	0.014
2015-08-09	0.055	0.038	0.013	0	0.196	0.043
2015-08-10	0.001	0.004	0.013	0	0.143	0.024
2015-08-11	0	0	0.013	0	0.076	0.021
2015-08-12	0	0	0.013	0	0.04	0.02
2015-08-13	0	0	0.013	0	0.019	0.019
2015-08-14	0	0	0.013	0	0.003	0.018
2015-08-15	0	0	0.012	0	0	0.018
2015-08-16	0	0	0.012	0	0	0.018
2015-08-17	0	0	0.012	0	0	0.018
2015-08-18	0	0	0.012	0	0	0.019
2015-08-19	0	0	0.011	0	0	0.016
2015-08-20	0	0	0.011	0	0	0.014
2015-08-21	0	0	0.011	0	0	0.013
2015-08-22	0	0	0.01	0	0	0.013
2015-08-23	0	0	0.01	0	0	0.012
2015-08-24	0	0	0.01	0	0	0.01
2015-08-25	0	0	0.01	0	0	0.009
2015-08-26	0	0	0.009	0	0	0.009
2015-08-27	0	0	0.009	0	0	0.009
2015-08-28	0	0	0.009	0	0	0.009
2015-08-29	0	0	0.008	0	0	0.01
2015-08-30	0	0	0.008	0	0	0.009
2015-08-31	0	0	0.008	0	0	0.01
2015-09-01	0	0	0.008	0	0	0.01
2015-09-02	0	0	0.008	0	0	0.01
2015-09-03	0	0	0.007	0	0	0.011
2015-09-04	0	0	0.007	0	0	0.01
2015-09-05	0	0	0.007	0	0	0.01
2015-09-06	0	0	0.007	0	0	0.01
2015-09-07	0	0	0.007	0	0.02	0.01
2015-09-08	0	0	0.007	0	0	0.009
2015-09-09	0	0	0.007	0	0	0.008
2015-09-10	0	0	0.007	0	0	0.008
2015-09-11	0	0	0.006	0	0	0.006
2015-09-12	0	0	0.006	0	0	0.005
2015-09-13	0	0	0.005	0	0	0.005
2015-09-14	0	0	0.005	0	0	0.004
2015-09-15	0	0	0.005	0	0	0.004
2015-09-16	0	0	0.004	0	0	0.004
2015-09-17	0	0	0.004	0	0	0.004
2015-09-18	0	0	0.004	0	0	0.004
2015-09-19	0	0	0.004	0	0	0.003
2015-09-20	0	0	0.004	0	0	0.003
2015-09-21	0	0	0.003	0	0	0.002
2015-09-22	0	0	0.002	0	0	0.002
2015-09-23	0	0	0.003	0	0	0.002
2015-09-24	0	0	0.003	0	0	0.002
2015-09-25	0	0	0.003	0	0	0.001
2015-09-26	0	0	0.003	0	0	0.001
2015-09-27	0	0	0.002	0	0	0.002
2015-09-28	0	0	0.002	0	0	0.002
2015-09-29	0	0	0.002	0	0	0.001
2015-09-30	0	0	0.002	0	0	0.001
2015-10-01	0	0	0.002	0	0	0.001
2015-10-02	0	0	0.001	0	0	0
2015-10-03	0	0	0.001	0	0	0
2015-10-04	0	0	0.001	0	0	0
2015-10-05	0	0	0.001	0	0	0
2015-10-06	0	0	0.001	0	0	0
2015-10-07	0	0	0.001	0	0	0
2015-10-08	0	0	0.001	0	0	0
2015-10-09	0	0	0.001	0	0	0
2015-10-10	0	0	0.001	0	0	0
2015-10-11	0	0	0	0	0	0
2015-10-12	0	0	0.001	0	0	0
2015-10-13	0	0	0	0	0	0
2015-10-14	0	0	0	0	0	0
2015-10-15	0	0	0	0	0	0
2015-10-16	0	0	0	0	0	0
2015-10-17	0	0	0	0	0	0
2015-10-18	0	0	0	0	0	0
2015-10-19	0	0	0	0	0	0
2015-10-20	0	0	0	0	0	0
2015-10-21	0	0	0	0	0	0
2015-10-22	0	0	0	0	0	0
2015-10-23	0	0	0	0	0	0
2015-10-24	0	0	0	0	0	0
2015-10-25	0	0	0	0	0	0
2015-10-26	0	0	0	0	0	0
2015-10-27	0	0	0.001	0	0	0
2015-10-28	0	0.021	0	0	0.122	0
2015-10-29	0	0.002	0	0	0.154	0
2015-10-30	0	0	0	0	0.127	0
2015-10-31	0	0	0	0	0.104	0
2015-11-01	0	0	0	0	0.082	0
2015-11-02	0	0	0	0	0.065	0
2015-11-03	0	0	0	0	0.05	0
2015-11-04	0	0	0	0	0.038	0
2015-11-05	0	0	0	0	0.036	0
2015-11-06	0	0	0	0	0.015	0
2015-11-07	0	0	0	0	0.006	0
2015-11-08	0	0	0	0	0.01	0
2015-11-09	0	0	0	0	0.013	0
2015-11-10	0	0	0	0	0.014	0
2015-11-11	0.029	0.013	0	0	0.095	0.023
2015-11-12	0.026	0.048	0	0	0.361	0.053
2015-11-13	0	0.003	0	0	0.151	0.008
2015-11-14	0	0	0	0	0.108	0.009
2015-11-15	0	0	0	0	0.086	0.009
2015-11-16	0	0	0	0	0.072	0.009
2015-11-17	0.126	0.038	0	0	0.202	0.208
2015-11-18	0.308	0.149	0.017	0	0.495	0.64
2015-11-19	0.011	0.064	0.026	0	0.371	0.042
2015-11-20	0	0.008	0.025	0	0.26	0
2015-11-21	0	0.001	0.007	0	0.195	0
2015-11-22	0	0	0	0	0.184	0
2015-11-23	0	0	0	0	0.159	0
2015-11-24	0	0.001	0	0	0.19	0
2015-11-25	0	0.039	0	0	0.313	0
2015-11-26	0	0.106	0	0	0.422	0
2015-11-27	0	0.222	0	0	0.556	0
2015-11-28	0	0.175	0	0	0.508	0
2015-11-29	0	0.1	0	0	0.451	0
2015-11-30	0	0.051	0	0	0.433	0
2015-12-01	0.032	0.059	0	0	0.425	0
2015-12-02	0.017	0.025	0	0	0.375	0
2015-12-03	0	0.007	0	0	0.305	0
2015-12-04	0	0.003	0	0	0.268	0
2015-12-05	0	0.001	0	0	0.229	0
2015-12-06	0	0.001	0	0	0.196	0
2015-12-07	0	0	0	0	0.159	0
2015-12-08	0	0	0.02	0	0.147	0
2015-12-09	0	0	0	0	0.115	0
2015-12-10	0	0	0	0	0.105	0
2015-12-11	0	0	0	0	0.079	0
2015-12-12	0	0	0	0	0.064	0
2015-12-13	0.069	0.023	0	0	0.156	0
2015-12-14	0.33	0.248	0	0	0.647	0
2015-12-15	0.096	0.143	0	0	0.516	0
2015-12-16	0.018	0.06	0	0	0.417	0
2015-12-17	0	0.007	0	0	0.262	0
2015-12-18	0	0.001	0	0	0.174	0
2015-12-19	0	0	0	0	0.117	0
2015-12-20	0	0	0	0	0.121	0
2015-12-21	0.148	0.052	0	0	0.263	0
2015-12-22	0.064	0.057	0	0	0.336	0
2015-12-23	0.119	0.053	0	0	0.36	0
2015-12-24	0.1	0.073	0	0	0.376	0
2015-12-25	0.01	0.021	0	0	0.318	0
2015-12-26	0.004	0.009	0	0	0.302	0
2015-12-27	0	0.001	0	0	0.25	0
2015-12-28	0.003	0.004	0	0	0.258	0
2015-12-29	0	0	0	0	0.17	0
2015-12-30	0	0	0	0	0.152	0
2015-12-31	0	0	0	0	0.137	0
